,user1,user2,user3,user4,user5,user6,user7,user8,user9,user10,user11,user12,user13,user14,user15,user16,user17,user18,user19,user20,user21,user22,user23,user24,user25,user26,user27,user28,user29,user30,user31,user32,user33,user34,user35,user36,user37,user38,user39,user40,user41,user42,user43,user44,user45,user46,user47,user48,user49,user50,user51,user52,user53,user54,user55,user56,user57,user58,user59,user60,user61,user62,user63,user64,user65,user66,user67,user68,user69,user70,user71,user72,user73,user74,user75,user76,user77,user78,user79,user80,user81,user82,user83,user84,user85,user86,user87,user88,user89,user90,user91,user92,user93,user94,user95,user96,user97,user98,user99,user100,user234,
user1,0,5.4301,7.83443,4.11442,2.48507,4.18124,13,15.5402,17.0589,13,15.1091,3.34522,13,21.0323,13,7.24102,2.42047,1.11201,3.08455,13,20,13,13,3.07565,8.38035,10.2759,7.56745,14.8846,5.42444,8.8787,24.2102,15.7969,6.97736,15.0495,17.5983,10.3734,4.88711,14.4365,20,5.87802,20,20,13.4682,18.8398,6.26338,11.0207,4.72614,3.97183,18.3198,5.74929,20,6.57565,6.76949,20,9.20868,6.38509,2.20712,17.4012,20,5.91997,20,4.22176,0,13.309,9.10931,14.7386,3.05071,0,14.7576,14.481,20,7.53938,2.89555,14.1571,15.3776,16.6822,4.5567,13,1.86605,6.85548,11.4999,2.96755,0.114184,1.62591,5.66597,20,6.40213,14.3748,13,4.20064,2.26861,2.89325,1.44801,5.40579,4.84588,25,1.27821,6.22428,7.9302,5.40242,0
user2,5.4301,0,13,18.3602,6.29854,5.25441,14.8435,17.5625,4.94728,13.6094,3.7732,25,4.87676,13.7702,3.51133,13,6.05688,20,13,2.25619,7.6096,20,6.59063,0,4.05087,1.89857,17.0063,20,8.73914,5.4618,5.17516,25,1.68245,17.2818,7.1152,3.1627,13,18.5111,13.7746,18.2617,7.15634,20,1.60713,14.0429,2.1415,13.978,5.01057,20,3.17609,4.10097,5.27232,19.4385,13,2.88997,4.51831,13,17.9567,20,6.96626,13,13,18.9116,2.50081,5.70755,0.395414,3.50285,17.1732,20,4.00052,13,2.56627,20,6.62651,5.54742,3.32441,8.9033,20,0,8.12987,0,2.12303,25,16.5521,8.35581,5.19372,14.1399,5.64839,18.0265,5.51943,4.58417,3.89191,20,4.62571,2.66108,9.71851,2.85933,20,20,9.05368,19.7915,0
user3,7.83443,13,0,14.3256,7.30126,3.38774,19.4853,13.4196,8.74383,1.86971,14.1124,3.32427,25,18.9806,13,2.19242,15.9136,3.61636,22.6032,3.87614,0.593187,2.19498,20,14.7945,20,4.19441,15.1865,13,20,13.2729,16.7712,3.98251,13,11.4296,13,11.9513,15.5335,0,13.9827,1.52931,15.9191,2.06822,20,20,13,13.0777,14.9316,9.28607,3.47872,10.5539,4.43391,16.4025,20,20,14.916,4.61287,20,19.6159,13,13,4.82915,4.18525,17.1652,2.0282,4.44869,15.9014,21.1581,8.05557,4.11825,2.84449,18.8583,3.3182,13,6.93673,3.24686,15.411,13,20.6806,19.2899,2.0231,16.6578,16.2059,16.8134,20,5.40075,13.9134,13,13,20.2164,4.08263,2.68216,4.8219,22.4717,20,2.50273,2.38006,19.4003,20,20,20,0
user4,4.11442,18.3602,14.3256,0,4.71792,19.5219,13.2407,20,17.9709,2.30418,18.8912,13.2216,20,17.2104,14.9894,5.37004,13.8825,20,20,6.70986,3.76916,5.9714,15.922,20,19.2409,19.2994,3.96715,4.23292,20,13,18.151,7.55185,18.4028,19.4916,13,3.46766,7.52861,5.89962,18.0583,14.1669,16.6006,15.0176,21.2341,20.659,13,2.78099,20,5.56348,16.4172,17.1515,5.17504,5.97388,17.5415,12.8669,2.86562,15.8906,12.3986,9.45895,18.0282,2.6498,5.0979,6.65166,19.6608,13.0549,5.30866,13,11.5236,18.3108,18.0387,13.5359,4.38944,5.03967,7.62479,13,20,4.67245,1.1802,13.0258,19.2748,8.38623,13,6.78905,13,20,6.04845,9.00822,3.54184,19.9732,25,8.48542,15.4107,5.51629,14.8764,20,8.66138,17.7836,13,20,20,6.06879,0
user5,2.48507,6.29854,7.30126,4.71792,0,12.8607,14.408,20,1.88943,23.9895,20,7.17256,7.81212,6.00971,13.9828,14.8259,4.28455,1.65921,13.4799,14.9433,4.49854,16.1215,8.57217,1.58723,13,20,0.176187,5.04606,4.12092,18.24,13,6.39187,7.09374,6.36814,13,20,6.28146,13,7.67838,13,1.51974,6.27455,15.692,5.43881,16.7526,18.2035,5.15424,4.1791,13,20,4.26857,5.19244,7.17976,3.59024,20,14.4807,5.16371,7.42069,14.1504,20,3.99279,14.1823,16.9142,20,22.7955,20,4.44913,20,0.941544,15.637,13,3.74132,14.2546,8.08676,13,20,15.2735,8.49779,16.3811,14.0461,5.43019,6.45257,7.80968,13,24.5392,9.54828,15.559,7.32468,1.63862,20,20,6.61825,2.82235,16.9487,20,8.04514,4.6376,2.77822,18.7544,20,0
user6,4.18124,5.25441,3.38774,19.5219,12.8607,0,15.5388,12.3198,14.7045,15.6655,9.93389,13,13.1364,8.94956,20,25,1.36161,8.06389,5.08166,8.96264,13,13,2.66359,13,13.7322,25,3.26867,13,5.57242,3.10381,15.046,11.5548,14.6981,6.91825,4.43418,20,16.6364,7.80342,8.93663,9.40924,20,8.00481,20,13,9.8976,20,3.63734,1.41166,16.1744,20,13,15.0399,4.42958,20,20,20,3.6436,2.47973,1.00558,11.8056,16.3083,7.24016,5.99841,2.30238,20,20,13,13,15.4511,2.54845,15.32,3.20635,5.42628,15.6565,13,9.10281,13,5.82612,5.16096,6.75586,11.1956,17.1856,14.3879,9.4292,20,17.1636,4.07458,3.98053,3.91978,14.33,25,2.16938,4.2825,5.99984,20,5.8816,2.25945,0,6.66843,7.44793,14.3322
user7,13,14.8435,19.4853,13.2407,14.408,15.5388,0,13,4.25434,8.40641,4.65622,13.3118,14.12,4.83939,15.8888,2.0639,20,5.18289,16.6729,10.7656,20,0,20,13,14.4292,13,20,3.08007,0,7.10461,20,4.08759,20,2.55062,20,20,20,16.6748,11.476,12.7954,4.31962,17.985,15.5975,8.72917,20,3.43809,22.921,15.3499,4.4371,20,13.0975,2.22519,20,0.210361,14.9044,13,17.3953,1.85284,6.5263,13,5.2294,3.24488,15.6639,13,5.31075,2.85611,11.3105,9.3572,13,12.6567,20,0,20,3.66504,17.0318,4.12254,2.63217,21.4776,2.03856,7.98217,14.4879,8.6935,13,2.04174,6.57958,9.68976,25,4.29911,4.72379,2.17454,9.34862,8.30435,16.0944,20,1.13055,4.42837,4.52735,14.3084,16.0789,7.13776,0
user8,15.5402,17.5625,13.4196,20,20,12.3198,13,0,13,20.1261,14.5964,13,2.13671,8.20665,1.04577,17.7945,7.60856,13,4.65409,4.24253,2.85865,16.89,3.48505,13,4.98872,20,1.32345,15.3324,20,17.2643,15.5552,13,8.73753,15.3025,10.881,20,5.37346,18.9071,13,6.39639,3.53326,13.9009,17.3245,3.5979,7.30875,20,4.60183,13,6.16152,13.0481,14.0063,13.3322,3.10843,4.87275,18.1163,17.1377,6.30414,13,5.94386,20,4.80802,18.3612,0,14.1385,10.2056,20.7356,9.16816,14.1784,19.7728,19.7782,3.05778,16.6443,17.3923,4.79829,2.59464,8.5758,16.8662,0.655764,15.1085,2.16543,7.68026,12.8879,3.27376,16.8214,20,20,6.01136,13,20,8.90561,11.6609,10.6515,1.20406,18.4987,20,5.19464,12.2611,7.48757,5.0654,20.7744,0
user9,17.0589,4.94728,8.74383,17.9709,1.88943,14.7045,4.25434,13,0,7.86713,11.8049,13.6531,6.97218,20,4.10133,3.54129,6.43631,5.07315,13,16.9438,20,17.4462,13,14.8167,18.2712,2.39849,1.84762,3.49354,15.3522,4.63134,16.1723,6.9371,10.2998,20,5.97076,5.22566,17.918,15.3346,20,0.280569,17.1552,3.03092,8.80705,16.2636,0.349612,3.05068,20,13,18.2626,4.20283,15.7115,4.84414,13.6664,18.2094,2.77378,2.30802,4.76304,13,20,1.60292,11.0175,20,8.73096,19.9922,8.35525,3.01308,9.15926,2.49902,20,4.16965,15.5519,4.4448,7.84606,13,14.7375,5.36005,17.1557,13,14.9223,2.86421,4.44133,13.685,10.3926,18.1782,14.5796,2.66699,13,14.8737,18.1323,13,5.44884,5.61243,1.83313,13,2.57779,16.4355,4.71944,9.59759,13,4.18703,0
user10,13,13.6094,1.86971,2.30418,23.9895,15.6655,8.40641,20.1261,7.86713,0,6.29819,2.65657,0.954121,15.2852,16.6782,20,2.13223,8.08365,3.67229,19.4344,0,6.45291,3.17569,5.05091,8.57152,20,13,13,20,14.2248,5.00606,14.2607,2.73914,18.8471,13,14.7936,5.2636,3.60225,4.50852,19.2126,14.6024,1.48489,4.16995,13.1455,6.85944,12.5542,14.9129,5.44226,4.87458,20,0.711129,3.33215,4.99944,13,20,20.7156,15.1427,4.48971,6.38864,20,3.59161,14.418,7.44645,13,25,17.7513,10.2265,2.57112,4.53625,13,4.99321,3.61482,15.7004,9.11697,13.7759,2.9503,6.79196,4.37667,3.52953,13.0911,2.00955,15.4761,4.56036,4.81046,20,20,7.96022,3.59891,11.2278,19.1445,20,4.8441,6.8813,0,20,0.349754,4.39595,4.89028,16.0079,20,0
user11,15.1091,3.7732,14.1124,18.8912,20,9.93389,4.65622,14.5964,11.8049,6.29819,0,13,7.90679,13.4884,6.86067,14.5571,13,19.8072,3.99275,13,20,3.47664,0.218998,20,13.411,14.2898,0.98994,1.3954,2.79702,0.299608,20,2.47879,19.2177,17.8839,13,5.13352,3.86503,2.59423,14.4245,5.47788,20,6.13164,4.63569,1.91424,17.1501,13.9253,6.75759,3.60361,14.0353,0,25,6.86671,5.64115,12.2093,0,8.78959,0,3.84464,20,4.93448,20,4.12064,7.46447,20,2.04581,14.6103,13,6.29742,20,3.38224,20,13,13.0627,14.8907,14.0029,20,5.32563,3.2129,5.85569,13,14.4733,13,4.25534,16.5343,7.64397,6.28175,1.48595,1.76512,5.48204,16.5785,16.5504,15.1904,6.00555,3.20681,8.17314,20,13,4.431,4.27492,6.39835,0
user12,3.34522,25,3.32427,13.2216,7.17256,13,13.3118,13,13.6531,2.65657,13,0,13,13.6399,13,3.52829,16.4834,19.2017,6.382,0.273065,5.15601,20,19.2935,3.79424,17.0981,2.17227,5.30393,20,11.1463,4.41937,0.214494,20,0.899948,4.43789,7.49233,4.0001,13,20,7.72758,9.79811,18.0445,19.4444,3.40596,13,13,4.95985,13,20,15.4567,13,10.8695,20,7.52701,15.0556,13,6.38393,3.0741,20,13,20,13.4838,20,16.0941,6.95932,2.92863,17.3672,0.676686,18.621,0.573141,2.65451,15.9399,20,5.13323,2.3636,13,5.9093,20,0.168267,1.58185,2.75411,2.26987,16.8679,4.23884,4.39038,2.03543,19.9644,4.6478,20,4.55222,2.88688,14.8503,20,3.22662,0.813373,13,6.20184,20,5.76973,13,5.17144,0
user13,13,4.87676,25,20,7.81212,13.1364,14.12,2.13671,6.97218,0.954121,7.90679,13,0,4.23012,16.7246,1.54188,13.9881,13,11.8877,4.52519,1.74946,3.81985,20,10.1499,18.8504,8.1352,13,13,17.1284,7.13152,14.7495,0,16.5145,1.77362,17.8499,13.0779,13,3.06166,9.41918,4.63668,3.13455,7.31834,23.598,20,20,8.41676,15.1671,20,4.07488,7.91681,6.90738,17.1827,20,3.63959,13,3.14087,20,6.20554,5.48226,15.8961,0,1.94853,25,0.683083,3.4118,2.90436,20,13,3.85432,5.53553,7.79651,4.69098,13,8.94167,13.8496,5.58753,16.5071,14.9099,20,5.16506,13,5.98921,20,14.4939,6.20311,2.5137,12.3602,18.8686,15.5648,13,14.4284,18.0706,20,8.3945,20,2.35216,7.71549,20,9.40468,20,0
user14,21.0323,13.7702,18.9806,17.2104,6.00971,8.94956,4.83939,8.20665,20,15.2852,13.4884,13.6399,4.23012,0,4.72024,8.09508,15.0632,5.84125,15.5663,0.994182,13.504,0,6.86458,15.5529,2.90108,20,17.3569,7.10726,17.833,3.56184,20,7.28062,5.65238,20,5.93533,2.72263,4.1216,2.83813,23.8785,4.76689,17.3011,5.26613,4.33318,17.0457,5.01468,13,4.13698,13,20,9.11246,14.8639,13,4.30904,17.8167,8.58581,16.0662,10.2969,17.4392,22.373,4.85343,20,8.56827,2.56564,20,4.97384,1.85915,13,5.13902,18.8133,13,20,13,4.90409,20,9.8762,10.8381,6.91003,18.7652,17.1421,8.31156,5.59727,2.13063,16.2436,14.3603,14.2793,1.50216,13.4068,18.7539,18.0574,13.0141,0.109502,6.0983,2.06734,20.1549,6.49804,12.5314,14.204,13,13,5.4663,0
user15,13,3.51133,13,14.9894,13.9828,20,15.8888,1.04577,4.10133,16.6782,6.86067,13,16.7246,4.72024,0,13,16.9861,3.03488,1.63855,20,13,1.67538,7.20047,14.5518,20,5.45859,20,3.05032,3.39593,23.5214,13.8245,4.21907,9.33543,5.87675,19.8221,17.1113,20,8.22495,14.2469,20,5.85967,1.60281,1.66941,13,20,13,20,2.37263,14.0674,20,13,13,1.69973,13,11.2556,6.71249,6.58902,4.39932,5.66813,13,19.817,5.25222,7.32218,2.14211,17.0787,20,4.00531,13.5121,3.41789,20,4.49411,14.3943,16.4389,7.75522,22.3229,18.3002,8.0462,13.9056,0.384283,25,5.63947,14.1357,20,8.64149,13.1267,13,20,2.34198,1.49622,18.8093,17.2201,18.9363,13,5.61822,20,13,17.9856,19.2184,15.0127,19.0439,0
user16,7.24102,13,2.19242,5.37004,14.8259,25,2.0639,17.7945,3.54129,20,14.5571,3.52829,1.54188,8.09508,13,0,16.3511,6.6087,3.21007,16.7848,15.2904,4.48299,3.82318,3.04309,5.56881,20,4.98805,3.06814,6.43602,19.2644,13,14.1327,13,4.75227,5.46474,20,7.28186,13.9825,6.1931,3.15527,10.0617,13,17.1625,20,0.472948,25,17.6007,17.3695,13.4776,15.2272,13.5555,10.9746,8.61089,0,20,20,17.4,19.3952,13.29,20,17.7785,9.04772,7.71,5.21827,9.83148,14.395,1.99375,6.84518,1.60663,2.70485,10.9414,5.61267,7.764,3.77621,13,6.34306,4.44959,4.40457,8.25838,18.0084,8.14648,13,7.11101,5.31919,20,20,20,2.18714,4.44992,18.8848,20.9903,14.9955,15.9075,2.24312,12.7937,20,14.9855,14.313,4.1313,17.4113,0
user17,2.42047,6.05688,15.9136,13.8825,4.28455,1.36161,20,7.60856,6.43631,2.13223,13,16.4834,13.9881,15.0632,16.9861,16.3511,0,5.84942,16.8377,19.1533,13,14.1412,13,1.87306,20,13.5883,20,0.0583241,5.25443,10.8134,0.851325,5.78479,22.6851,2.25169,13.9581,7.95529,20,5.81476,5.45454,20.0618,0.298748,16.7234,16.1804,7.32956,20,4.83106,20,4.17667,8.14494,4.34243,2.17902,13,20,6.44691,2.50823,13.3735,20,8.47926,9.96475,2.06887,5.28664,13,15.4742,3.60171,15.3699,19.6504,16.4696,3.85307,13,20,1.53489,19.2168,20,4.90347,7.91522,5.9134,16.117,20,18.0951,12.7907,5.66626,3.05447,20,3.55286,5.25374,2.56298,20,13,15.5863,0.235676,6.32981,17.1286,13,7.38074,7.90346,13,4.63243,14.5334,4.12794,3.23459,0
user18,1.11201,20,3.61636,20,1.65921,8.06389,5.18289,13,5.07315,8.08365,19.8072,19.2017,13,5.84125,3.03488,6.6087,5.84942,0,13,5.3584,2.66755,20,4.37537,3.67989,14.3599,13,7.31707,20,3.84331,1.78575,18.741,20.8775,5.26608,19.5432,17.2645,3.72609,6.05167,20,4.61924,1.3754,15.4928,20,8.27017,20,15.2539,6.20595,13,20,3.82341,4.41464,6.54019,18.5955,1.92812,4.16326,3.45866,0.936482,20,20,3.90703,4.66719,13,23.6368,1.44997,3.69192,16.7032,16.6755,1.70649,25,14.0406,18.508,8.61625,25,0.91377,16.1599,5.96864,4.95726,20,0.820719,4.69261,2.71337,13,20,13,13,5.99589,3.38578,1.81636,20,4.92351,10.7244,4.60785,20,3.23803,4.70781,5.08674,13,20.7891,8.31035,5.61907,8.18038,0
user19,3.08455,13,22.6032,20,13.4799,5.08166,16.6729,4.65409,13,3.67229,3.99275,6.382,11.8877,15.5663,1.63855,3.21007,16.8377,13,0,4.98361,6.03485,13,16.0066,20.4855,3.67092,15.426,4.88211,0.156479,20,15.3758,5.99672,8.1392,4.54491,12.6025,3.74158,4.46479,16.5054,14.685,18.9885,13,5.30579,15.3617,15.6166,20,3.36664,14.7552,13,7.3255,14.3469,1.25226,13,20,17.3892,15.1069,1.29159,0.905508,16.7329,14.02,14.5468,13.3016,6.06927,0.425091,10.3903,13,8.74422,5.88723,20,3.17756,20.5527,5.83171,3.49116,4.5618,6.6001,25,6.54682,14.0428,6.73871,15.076,20,13,4.59175,13,8.96233,17.7153,13,6.29395,13.1468,5.61357,20,7.33715,1.64942,5.25465,12.0295,19.9863,6.2357,7.58798,13,16.748,25,5.80743,0
user20,13,2.25619,3.87614,6.70986,14.9433,8.96264,10.7656,4.24253,16.9438,19.4344,13,0.273065,4.52519,0.994182,20,16.7848,19.1533,5.3584,4.98361,0,5.05961,18.9791,2.06739,3.03562,25,1.84703,9.38131,13,6.9092,19.7576,7.05052,6.02022,12.7831,4.86581,20,5.45783,10.0308,3.67323,13,24.7287,15.9298,18.3288,13.4697,8.66753,20,7.87398,18.5346,7.57384,2.66357,12.0007,4.70943,13.5879,6.13181,17.9967,16.4876,13.5329,0.162428,5.23607,13.2901,15.341,2.9296,9.76908,2.56502,2.06525,13,20,6.29363,5.41767,6.65149,25,5.9785,8.25088,17.4335,2.3591,22.8126,3.45493,6.02579,8.9155,2.44238,20,6.12981,4.13235,11.9737,4.03686,15.0635,3.15146,20,5.20357,4.02492,18.1025,4.91614,6.51107,13.5863,5.31336,15.9725,7.04965,15.8268,4.96631,5.44572,18.3206,0
user21,20,7.6096,0.593187,3.76916,4.49854,13,20,2.85865,20,0,20,5.15601,1.74946,13.504,13,15.2904,13,2.66755,6.03485,5.05961,0,13,13,13,3.19147,16.6605,17.9791,1.89321,20,15.8136,19.651,4.61898,10.0075,10.2434,6.21907,7.66919,1.45449,18.5702,14.1065,3.63943,20.0995,13,12.2794,3.87126,13,6.35127,5.67706,5.86181,14.6422,1.92238,20,13.938,18.1809,20,9.44996,4.76557,13,13,8.80647,18.3831,12.8354,0.788547,14.9321,9.01158,2.45785,8.11865,6.33708,13,19.1206,2.88325,20,4.94068,13,12.0592,4.61334,20,0.221202,2.144,17.0157,4.81952,15.4322,6.50832,6.97531,1.65097,0.330844,10.2175,0,4.84076,18.7081,7.98505,9.45893,16.6825,2.47168,0.0944199,2.92056,20,14.346,2.18406,20,2.07974,20
user22,13,20,2.19498,5.9714,16.1215,13,0,16.89,17.4462,6.45291,3.47664,20,3.81985,0,1.67538,4.48299,14.1412,20,13,18.9791,13,0,4.51197,3.70245,13,14.827,6.31009,20,6.58845,1.75559,3.19618,16.5132,2.30758,2.97707,13,15.0275,6.0144,20,5.61977,8.41293,16.5806,20,2.02082,18.3551,17.8156,6.06574,0,20,2.59621,2.59311,13.8031,20,19.638,4.35273,5.1328,3.28711,1.20858,19.7783,2.91603,1.34958,13,20,2.60243,4.91767,8.90032,14.4797,5.91778,20,13,1.66809,0,20,6.70372,0.312384,4.13742,5.26407,22.186,3.97925,1.17096,2.97604,1.39309,20,6.32049,1.6863,3.4879,13,3.40989,20,2.14472,16.6788,1.04494,24.5659,16.3226,4.33148,0.561593,2.8848,18.2567,13,8.532,3.71717,0
user23,13,6.59063,20,15.922,8.57217,2.66359,20,3.48505,13,3.17569,0.218998,19.2935,20,6.86458,7.20047,3.82318,13,4.37537,16.0066,2.06739,13,4.51197,0,20,3.32888,15.3465,13,4.99237,20,4.83819,0,4.30788,16.4322,8.29318,16.6089,7.61232,15.2174,2.54973,0.660977,6.94434,13,13.4242,25,16.6588,1.69238,15.8134,13,3.49683,17.0993,9.60145,4.97957,5.52737,20,9.57023,3.58444,13,20,3.98392,5.90327,5.78486,3.89072,13,20,5.93528,20,3.01387,20,5.92843,3.29692,16.5225,5.93493,5.08651,20,15.8796,6.99427,13,7.27305,20,20,4.81532,2.93578,16.8563,5.6001,20,4.37244,15.9456,19.1966,13,12.7586,1.5341,13.897,7.54023,20,14.0801,0.0986725,13,16.7816,20,15.2695,17.7971,0
user24,3.07565,0,14.7945,20,1.58723,13,13,13,14.8167,5.05091,20,3.79424,10.1499,15.5529,14.5518,3.04309,1.87306,3.67989,20.4855,3.03562,13,3.70245,20,0,16.6789,13.0069,3.94734,17.659,20,17.2721,13.7386,14.3889,8.90533,16.5024,17.7833,5.49976,15.9476,13,20,7.71673,5.74383,14.9143,15.4503,20,2.76512,4.98391,20,0.695816,16.4244,3.53431,17.4596,16.8074,17.8536,14.0004,4.21608,5.88895,19.5911,3.35683,19.0618,16.7439,6.94039,6.52708,19.9689,17.3626,2.21083,0.705265,20,6.65499,13,6.17877,6.91328,4.808,1.06996,5.55377,16.2583,3.85896,0,4.34914,20,6.18515,13,13,8.1152,13.8124,1.06272,1.54888,17.8788,2.27643,20,14.0871,2.05711,16.1777,20,14.9095,4.05863,16.253,14.1484,13.6302,20,6.83999,0
user25,8.38035,4.05087,20,19.2409,13,13.7322,14.4292,4.98872,18.2712,8.57152,13.411,17.0981,18.8504,2.90108,20,5.56881,20,14.3599,3.67092,25,3.19147,13,3.32888,16.6789,0,4.59375,9.72994,16.0195,13,16.5715,13,1.26573,17.3292,6.96782,17.7071,4.34671,20,15.6463,3.84306,25,18.0799,15.5353,13,13.5397,22.767,13.3728,12.0457,3.05067,14.5481,18.5818,13,5.33425,20,5.2671,20,13.8104,4.42647,13,16.3089,7.79157,2.28146,2.98664,18.0829,13,15.1929,3.97336,2.3189,13,5.27352,20,8.27512,15.2525,16.2887,15.8486,25,0.301783,2.9933,20,9.1459,25,3.52979,3.49298,20,6.0014,13,16.6978,16.6177,20,13,13,2.73925,15.2029,0.641091,2.25257,13,16.0049,13,3.58046,2.95311,13.5522,0
user26,10.2759,1.89857,4.19441,19.2994,20,25,13,20,2.39849,20,14.2898,2.17227,8.1352,20,5.45859,20,13.5883,13,15.426,1.84703,16.6605,14.827,15.3465,13.0069,4.59375,0,20,17.64,4.25624,13,11.1012,2.80553,3.60155,6.98636,8.08219,20,6.64778,2.28477,13,4.69837,20,19.5841,7.22879,4.8514,20,20,14.5197,3.03132,16.6736,20.1775,8.7302,8.6746,7.21999,6.97915,12.2996,20,5.21508,5.7872,8.66436,12.4329,13.0463,13,6.29098,5.86788,14.1573,20,3.57083,20,2.58793,4.67503,9.11859,7.93133,13,5.1913,3.61114,8.03348,6.62805,13,13,13,7.88326,1.49007,13,3.7015,16.131,20,17.427,13,18.3552,19.9964,20,6.50147,8.73306,3.52331,13.258,16.564,6.95585,7.88438,4.28066,16.8378,0
user27,7.56745,17.0063,15.1865,3.96715,0.176187,3.26867,20,1.32345,1.84762,13,0.98994,5.30393,13,17.3569,20,4.98805,20,7.31707,4.88211,9.38131,17.9791,6.31009,13,3.94734,9.72994,20,0,8.87276,0.296371,20,4.20071,3.14632,20,18.2054,9.30018,4.28537,20,2.31841,13.1881,11.807,1.09875,5.65484,13,13,14.7682,20,20,16.115,13.7432,13,3.70404,1.89449,13,2.69415,4.15167,6.37397,23.155,6.43006,3.0366,4.33288,6.85903,16.2739,19.4304,7.63632,14.8769,4.88174,18.3154,5.91143,10.2836,14.8116,5.90321,16.3083,20,17.6284,9.25909,15.8853,13.4614,25,5.99432,19.2806,18.6951,4.24188,23.9761,15.8228,3.6044,2.81903,20,13,0,6.6397,1.04037,20,15.4123,20,13,6.56448,2.97814,20,13,3.64901,0
user28,14.8846,20,13,4.23292,5.04606,13,3.08007,15.3324,3.49354,13,1.3954,20,13,7.10726,3.05032,3.06814,0.0583241,20,0.156479,13,1.89321,20,4.99237,17.659,16.0195,17.64,8.87276,0,6.38685,6.56775,10.9116,20,9.00165,17.5637,7.90946,13,5.46888,20,4.5412,7.8111,5.64436,20,13,13,5.51916,15.2384,0.874248,19.2855,4.22173,6.30736,14.1011,14.1319,13,2.05835,13,2.86926,3.54427,25,16.9209,17.4749,4.09614,15.9701,2.65628,3.63612,15.9654,2.23528,4.22921,20,6.10169,4.60407,16.5179,23.4013,4.07535,2.70021,5.38567,6.95278,24.6179,4.35029,4.12877,13,13,22.197,14.9496,13,2.99841,15.0875,5.17739,20,8.3944,13.7027,15.924,18.7957,6.18675,4.31074,13.9969,4.12172,18.1827,15.3652,3.64218,15.9083,0
user29,5.42444,8.73914,20,20,4.12092,5.57242,0,20,15.3522,20,2.79702,11.1463,17.1284,17.833,3.39593,6.43602,5.25443,3.84331,20,6.9092,20,6.58845,20,20,13,4.25624,0.296371,6.38685,0,9.11408,1.46033,5.80033,3.73553,16.5834,2.61615,4.80707,13,6.23922,14.8601,3.12094,9.68763,7.25202,9.80138,20,18.805,16.0073,13,7.40796,16.9827,2.29905,4.89044,17.362,20,18.7095,20,14.6164,8.56436,8.32891,20,16.1175,13.9665,4.28761,20,16.0068,5.41951,3.42739,16.5418,4.25844,13,8.30902,4.28569,13,6.82745,13,13,1.194,18.0241,3.02561,18.7451,18.8114,7.26851,2.41775,6.08763,14.0933,5.92666,3.19151,1.13726,16.5839,20,2.74005,0,4.83482,18.7356,20,13,14.6729,5.41105,16.8432,25,15.3068,0
user30,8.8787,5.4618,13.2729,13,18.24,3.10381,7.10461,17.2643,4.63134,14.2248,0.299608,4.41937,7.13152,3.56184,23.5214,19.2644,10.8134,1.78575,15.3758,19.7576,15.8136,1.75559,4.83819,17.2721,16.5715,13,20,6.56775,9.11408,0,6.21743,5.92242,20,6.9829,20,13,13.8339,4.28062,3.60192,20,15.4294,13.542,3.39307,5.26665,20,1.23614,20,0,20,13,13,5.44479,13,20,14.0504,5.42095,13.1564,6.04474,14.4443,13,5.97578,0,4.20333,13,11.3871,3.75382,13,4.50538,13,20,0.834206,8.4755,20,13,14.7625,2.71254,16.2813,9.61195,14.6797,23.2843,3.9379,13.9244,16.1038,5.31078,14.9549,16.3041,15.9946,0.0360835,1.77568,13,15.7719,14.2768,3.3199,13,14.7389,15.0493,3.73375,0,17.7622,13,0
user31,24.2102,5.17516,16.7712,18.151,13,15.046,20,15.5552,16.1723,5.00606,20,0.214494,14.7495,20,13.8245,13,0.851325,18.741,5.99672,7.05052,19.651,3.19618,0,13.7386,13,11.1012,4.20071,10.9116,1.46033,6.21743,0,3.60206,14.0337,15.4489,16.4824,15.4163,16.3816,6.26395,17.3112,17.5332,20,5.2474,4.93523,17.8622,7.63115,10.4461,5.35728,0,9.20258,2.6831,20,4.46766,2.9886,9.34843,0,16.9467,1.89924,5.10579,10.4992,8.18863,25,2.71881,2.84625,20,5.71888,6.98465,4.31547,20,16.1484,7.78539,20,4.88757,3.98621,20,7.60994,20,4.87737,13,4.51692,13,16.9016,18.5427,5.18004,6.05255,17.9944,12.308,17.5159,6.66117,6.33982,7.27492,20,5.13856,13,4.37597,4.98104,19.1179,4.96303,13,1.29087,5.35449,0
user32,15.7969,25,3.98251,7.55185,6.39187,11.5548,4.08759,13,6.9371,14.2607,2.47879,20,0,7.28062,4.21907,14.1327,5.78479,20.8775,8.1392,6.02022,4.61898,16.5132,4.30788,14.3889,1.26573,2.80553,3.14632,20,5.80033,5.92242,3.60206,0,17.5783,0.806108,3.23692,9.97717,15.1065,25,3.95925,16.5574,19.0232,20,14.0948,18.0379,20,16.0967,4.3,20,13.4457,15.259,6.17765,25,13,4.95564,7.32711,7.85862,4.66485,20,4.76674,13,13.64,20,3.4194,8.06679,0,3.83574,14.5036,19.7575,2.01775,13,0.374246,20,7.09446,3.24044,8.79742,8.28728,20,2.5529,1.62699,3.37532,4.23902,20,20,7.21584,13.2364,1.04233,17.0144,20,9.12418,17.5886,16.3283,16.845,8.68603,6.26242,16.168,7.51627,20,4.26996,6.7032,17.6365,0
user33,6.97736,1.68245,13,18.4028,7.09374,14.6981,20,8.73753,10.2998,2.73914,19.2177,0.899948,16.5145,5.65238,9.33543,13,22.6851,5.26608,4.54491,12.7831,10.0075,2.30758,16.4322,8.90533,17.3292,3.60155,20,9.00165,3.73553,20,14.0337,17.5783,0,20,14.7202,20,20,18.1109,20,10.045,20,15.4215,11.1011,16.4439,16.8825,2.7373,20,3.67762,5.9051,4.73833,15.7537,4.85447,8.15457,20,2.01644,4.05352,19.9358,4.17502,15.2858,5.67891,0.700436,0,17.1411,1.35281,16.2596,17.9087,17.9266,13,4.05332,19.1331,17.5228,3.7756,17.3785,15.6659,14.5405,6.24046,3.11311,20,1.10019,10.5928,6.59107,13,15.4677,7.54816,5.82719,13,20,4.34908,13,4.858,3.98674,3.89982,13,19.1702,6.18235,13,18.5118,20,8.34229,13,0
user34,15.0495,17.2818,11.4296,19.4916,6.36814,6.91825,2.55062,15.3025,20,18.8471,17.8839,4.43789,1.77362,20,5.87675,4.75227,2.25169,19.5432,12.6025,4.86581,10.2434,2.97707,8.29318,16.5024,6.96782,6.98636,18.2054,17.5637,16.5834,6.9829,15.4489,0.806108,20,0,3.22486,13,20,13.6255,21.0249,0,10.4802,15.3136,3.55024,15.1856,2.34383,2.30593,6.29533,13,20,5.78398,20,16.253,13,25,4.75521,5.9199,0.564089,6.44856,17.7421,3.48669,14.9929,14.7355,17.0387,25,2.30537,2.01643,5.20853,15.5746,20,2.69231,20,3.45931,13,18.184,7.46405,20,18.6129,4.79451,16.1679,4.71837,5.34244,3.1908,13,14.3969,14.1718,19.8351,0,5.63585,8.90768,3.47641,1.22941,13,13,13.667,5.3793,13.7071,0.184325,1.4315,19.0036,5.33957,0
user35,17.5983,7.1152,13,13,13,4.43418,20,10.881,5.97076,13,13,7.49233,17.8499,5.93533,19.8221,5.46474,13.9581,17.2645,3.74158,20,6.21907,13,16.6089,17.7833,17.7071,8.08219,9.30018,7.90946,2.61615,20,16.4824,3.23692,14.7202,3.22486,0,3.58793,11.9454,7.09045,19.5959,24.0229,0.508847,13,2.95745,3.61409,20,3.76814,13,4.00893,13.9741,13,14.3269,7.81696,8.27479,4.42024,14.7377,7.65802,8.60631,16.0713,3.02033,19.7903,10.1978,13.5202,1.46494,16.7296,18.9567,4.5209,19.941,13,6.53887,20,6.52123,4.90601,20,1.53098,20,2.80943,5.64263,20,15.064,25,13,3.38194,20,13,17.1102,6.81748,20,0.789808,2.94551,15.2161,13.9326,5.48942,13.3837,1.63436,13.7577,6.16852,17.192,9.58485,12.1844,13.046,0
user36,10.3734,3.1627,11.9513,3.46766,20,20,20,20,5.22566,14.7936,5.13352,4.0001,13.0779,2.72263,17.1113,20,7.95529,3.72609,4.46479,5.45783,7.66919,15.0275,7.61232,5.49976,4.34671,20,4.28537,13,4.80707,13,15.4163,9.97717,20,13,3.58793,0,1.84582,4.05046,8.01652,6.04544,10.561,5.49626,18.7867,16.7773,4.07922,20,0,13,2.10206,20,13,6.09804,4.02534,13,13.0195,20,8.20314,1.38787,17.1516,20,13.2334,17.8386,15.0098,7.55921,12.7968,14.1943,4.53065,5.01426,17.2094,3.57593,14.1391,3.3123,5.6646,1.13049,6.11781,9.54668,14.559,5.18078,3.02484,5.62569,8.83658,6.68789,4.53754,13.0177,12.4749,20,0.835857,5.89854,5.9726,21.4151,25,18.7596,3.11467,5.36059,20,12.0378,9.59488,15.4877,5.53022,13.782,0
user37,4.88711,13,15.5335,7.52861,6.28146,16.6364,20,5.37346,17.918,5.2636,3.86503,13,13,4.1216,20,7.28186,20,6.05167,16.5054,10.0308,1.45449,6.0144,15.2174,15.9476,20,6.64778,20,5.46888,13,13.8339,16.3816,15.1065,20,20,11.9454,1.84582,0,2.5899,13.4493,20,1.42913,5.61629,17.207,3.97608,13.4714,9.16828,18.5946,14.9913,9.5334,1.30144,1.56442,4.58422,13,0,13,6.50084,13,4.25819,6.17532,13,5.88406,15.4919,11.3336,3.54944,2.69319,5.19066,17.7054,17.4267,15.6437,18.3154,17.4386,0.990205,25,7.84521,12.9761,13,3.17054,19.5726,10.656,20,15.6249,4.243,25,5.25723,0.983292,2.01548,20,11.0592,1.91809,7.12525,13,3.07015,18.1087,15.7766,2.79175,7.44207,13.3205,19.2088,20,13.581,0
user38,14.4365,18.5111,0,5.89962,13,7.80342,16.6748,18.9071,15.3346,3.60225,2.59423,20,3.06166,2.83813,8.22495,13.9825,5.81476,20,14.685,3.67323,18.5702,20,2.54973,13,15.6463,2.28477,2.31841,20,6.23922,4.28062,6.26395,25,18.1109,13.6255,7.09045,4.05046,2.5899,0,9.10072,13,6.76956,20,7.22893,19.3201,13.927,8.79176,2.96221,19.7233,3.75952,18.9094,6.33036,20,6.29671,13,2.90283,13,5.58274,20,2.8457,13,20,20.4391,4.67957,4.93648,3.76941,5.21369,6.43202,20,3.49795,13,16.2629,20,6.08341,20,6.88986,13,22.7115,4.1486,5.79249,19.065,20,20,3.87251,4.556,1.47595,18.4451,14.9138,20,3.28037,19.9052,16.3576,20,3.03247,6.93926,15.8213,17.3435,20,18.4788,0.610369,6.80658,0
user39,20,13.7746,13.9827,18.0583,7.67838,8.93663,11.476,13,20,4.50852,14.4245,7.72758,9.41918,23.8785,14.2469,6.1931,5.45454,4.61924,18.9885,13,14.1065,5.61977,0.660977,20,3.84306,13,13.1881,4.5412,14.8601,3.60192,17.3112,3.95925,20,21.0249,19.5959,8.01652,13.4493,9.10072,0,5.71268,20,13,1.65379,13,5.88268,14.6733,13,16.8141,19.7736,17.0539,20,5.76335,18.3712,20,8.30791,13.0963,4.22884,5.91859,24.5731,2.74293,7.40671,4.51768,4.92287,20,20,14.4871,0,7.62237,20,13,13.8817,3.83724,9.82676,20,16.6154,13.5764,3.58027,14.4519,13,3.77294,4.80921,16.7921,13,13.5527,2.56906,15.1773,4.07,6.80682,13,13.0501,3.80991,4.93234,7.10363,13.5607,19.1925,19.4516,13.464,0,18.1013,2.56061,0
user40,5.87802,18.2617,1.52931,14.1669,13,9.40924,12.7954,6.39639,0.280569,19.2126,5.47788,9.79811,4.63668,4.76689,20,3.15527,20.0618,1.3754,13,24.7287,3.63943,8.41293,6.94434,7.71673,25,4.69837,11.807,7.8111,3.12094,20,17.5332,16.5574,10.045,0,24.0229,6.04544,20,13,5.71268,0,13,13,13,0,23.8937,6.45257,20,20,0.964221,20,17.564,7.89777,3.82355,13,13.9433,20,0,3.84167,14.2069,13,4.54371,8.68739,6.663,5.04921,13,4.19027,8.21536,3.898,5.46029,20,13.3295,5.04132,14.7085,4.43392,20,11.2525,3.00352,14.0252,7.44328,20,4.56507,5.53385,20,14.5405,20,18.3393,16.4526,7.88257,4.55022,13,3.83622,13,13,8.20503,17.0351,8.23922,13,5.17031,5.94378,13,0
user41,20,7.15634,15.9191,16.6006,1.51974,20,4.31962,3.53326,17.1552,14.6024,20,18.0445,3.13455,17.3011,5.85967,10.0617,0.298748,15.4928,5.30579,15.9298,20.0995,16.5806,13,5.74383,18.0799,20,1.09875,5.64436,9.68763,15.4294,20,19.0232,20,10.4802,0.508847,10.561,1.42913,6.76956,20,13,0,1.79294,20,4.45971,17.8078,2.91172,4.97469,4.09692,20,17.5883,19.1641,14.9505,19.8339,14.8045,17.6834,14.2807,18.8445,5.89272,10.1376,2.12307,20,14.5571,4.93142,20,6.46093,12.8987,17.7089,4.94784,20,6.49101,20,16.1176,17.075,10.5084,13,20,6.04457,7.17759,13,0.648406,13,3.53534,3.3929,2.49241,13,13,17.3003,15.4116,20,7.18518,10.5807,13,16.1198,1.05365,17.4604,25,16.7134,17.605,8.63996,2.58332,0
user42,20,20,2.06822,15.0176,6.27455,8.00481,17.985,13.9009,3.03092,1.48489,6.13164,19.4444,7.31834,5.26613,1.60281,13,16.7234,20,15.3617,18.3288,13,20,13.4242,14.9143,15.5353,19.5841,5.65484,20,7.25202,13.542,5.2474,20,15.4215,15.3136,13,5.49626,5.61629,20,13,13,1.79294,0,7.1225,13.7208,13,6.1989,10.1602,20,0.329194,4.70734,0.0286967,25,6.58234,8.05823,9.94181,6.30648,2.78423,13.4454,13,10.0461,17.6762,20,7.27331,13.7631,3.14735,5.63292,3.11135,20,6.4328,13,2.9818,23.25,5.89041,8.49124,14.9614,5.5443,20,18.6235,15.0388,5.47743,5.43477,25,13,7.20906,1.31858,13,6.32858,20,4.9749,3.45905,5.0798,25,7.3274,13,4.09785,13,20,17.5968,16.0915,8.61148,0
user43,13.4682,1.60713,20,21.2341,15.692,20,15.5975,17.3245,8.80705,4.16995,4.63569,3.40596,23.598,4.33318,1.66941,17.1625,16.1804,8.27017,15.6166,13.4697,12.2794,2.02082,25,15.4503,13,7.22879,13,13,9.80138,3.39307,4.93523,14.0948,11.1011,3.55024,2.95745,18.7867,17.207,7.22893,1.65379,13,20,7.1225,0,14.8054,10.3354,2.82884,19.5592,5.21798,4.15586,6.92894,6.61287,13,20,3.41243,7.51696,19.8088,20,1.89135,9.09737,17.9911,6.42798,6.78608,20,4.52685,1.21395,15.1816,20,14.7068,3.94607,5.93338,17.5448,8.30049,13.6816,6.09965,14.5783,13,5.88885,14.1188,20,16.0018,0.351043,8.86276,20,19.8646,5.85234,2.12085,13,13,12.4197,13,2.27953,3.96727,20,20,5.64533,13,17.8744,20,9.58137,17.7454,0
user44,18.8398,14.0429,20,20.659,5.43881,13,8.72917,3.5979,16.2636,13.1455,1.91424,13,20,17.0457,13,20,7.32956,20,20,8.66753,3.87126,18.3551,16.6588,20,13.5397,4.8514,13,13,20,5.26665,17.8622,18.0379,16.4439,15.1856,3.61409,16.7773,3.97608,19.3201,13,0,4.45971,13.7208,14.8054,0,13.8246,8.62254,7.74756,5.70006,18.3806,2.29716,4.03252,3.22747,21.1813,18.423,9.93795,3.77849,20,13,18.1371,14.2461,3.00559,1.03896,13.1295,13.2629,18.0043,4.63982,18.5432,6.98537,13.1899,16.0541,3.08194,14.8264,4.65278,15.3258,13,14.046,13,18.917,19.9056,6.41573,14.9027,18.3387,3.01908,20,13.9054,17.5473,15.6891,6.55243,25,5.08468,13,2.8182,11.827,20,3.42288,3.04664,17.2218,17.054,15.952,4.438,0
user45,6.26338,2.1415,13,13,16.7526,9.8976,20,7.30875,0.349612,6.85944,17.1501,13,20,5.01468,20,0.472948,20,15.2539,3.36664,20,13,17.8156,1.69238,2.76512,22.767,20,14.7682,5.51916,18.805,20,7.63115,20,16.8825,2.34383,20,4.07922,13.4714,13.927,5.88268,23.8937,17.8078,13,10.3354,13.8246,0,13,10.2359,4.34054,6.33568,16.0645,2.25889,1.77331,13,5.9385,15.2418,18.2442,3.91969,13,17.5038,18.4464,4.27838,5.00543,13,15.3966,13,7.38846,7.6773,10.6095,7.61798,20,4.71146,13.711,20.9408,13,18.3911,20,5.36496,25,2.02569,25,20,1.70323,17.2616,13.4115,13,7.27528,7.52223,18.6985,3.70788,13,19.2472,4.53379,4.01824,13.1969,19.7128,14.2904,15.7013,0.838705,8.25837,15.6358,0
user46,11.0207,13.978,13.0777,2.78099,18.2035,20,3.43809,20,3.05068,12.5542,13.9253,4.95985,8.41676,13,13,25,4.83106,6.20595,14.7552,7.87398,6.35127,6.06574,15.8134,4.98391,13.3728,20,20,15.2384,16.0073,1.23614,10.4461,16.0967,2.7373,2.30593,3.76814,20,9.16828,8.79176,14.6733,6.45257,2.91172,6.1989,2.82884,8.62254,13,0,7.49978,13,4.17428,16.3302,1.96279,13.3539,8.67998,4.25278,20.5806,20,16.2217,8.03582,9.33638,11.0352,19.5024,2.74282,15.5547,4.78415,14.4734,20,5.57235,4.64864,15.7982,17.9553,12.3022,3.76742,4.06853,3.54963,0.0418615,13,13,19.3523,3.0942,13.514,15.1355,2.80949,20,9.36861,20.9627,20,20,20,0,15.1843,15.1369,13,5.13429,2.2988,16.5862,11.2809,6.18404,5.60379,5.72702,20,0
user47,4.72614,5.01057,14.9316,20,5.15424,3.63734,22.921,4.60183,20,14.9129,6.75759,13,15.1671,4.13698,20,17.6007,20,13,13,18.5346,5.67706,0,13,20,12.0457,14.5197,20,0.874248,13,20,5.35728,4.3,20,6.29533,13,0,18.5946,2.96221,13,20,4.97469,10.1602,19.5592,7.74756,10.2359,7.49978,0,3.53782,3.40438,18.4566,19.5563,4.49476,13,13,2.62658,13.9078,20,15.5689,3.80251,4.0524,2.78798,14.6801,13.6109,4.58484,7.10454,14.9885,13,20,4.63184,20,6.06928,17.6798,18.2351,5.18949,15.2828,4.30056,18.6983,20,15.4834,20,14.0092,13,20,15.0873,4.8388,13.1405,20,4.02988,3.51481,20,4.55416,5.07278,14.2125,6.7662,17.6443,19.1868,6.64256,9.80825,17.0274,4.42477,0
user48,3.97183,20,9.28607,5.56348,4.1791,1.41166,15.3499,13,13,5.44226,3.60361,20,20,13,2.37263,17.3695,4.17667,20,7.3255,7.57384,5.86181,20,3.49683,0.695816,3.05067,3.03132,16.115,19.2855,7.40796,0,0,20,3.67762,13,4.00893,13,14.9913,19.7233,16.8141,20,4.09692,20,5.21798,5.70006,4.34054,13,3.53782,0,0,20,8.22592,20,1.99597,13,3.075,3.40368,8.65842,20,10.3366,3.39296,13.6896,22.6429,3.37339,3.94161,7.20013,20,13,19.1184,1.28471,4.86102,2.35352,20,13,7.06811,4.4432,3.48856,13.2133,13,5.15943,20,13,20,9.0324,5.1347,16.7489,18.4376,14.729,25,3.56468,0,0.726544,16.9597,13,13,2.56638,7.60244,20,15.6453,7.65254,6.15112,0
user49,18.3198,3.17609,3.47872,16.4172,13,16.1744,4.4371,6.16152,18.2626,4.87458,14.0353,15.4567,4.07488,20,14.0674,13.4776,8.14494,3.82341,14.3469,2.66357,14.6422,2.59621,17.0993,16.4244,14.5481,16.6736,13.7432,4.22173,16.9827,20,9.20258,13.4457,5.9051,20,13.9741,2.10206,9.5334,3.75952,19.7736,0.964221,20,0.329194,4.15586,18.3806,6.33568,4.17428,3.40438,0,0,13,19.7495,6.98128,2.83669,20,2.7594,1.16528,13.8063,4.84134,20,13,20,3.53783,14.1422,19.6275,6.41884,13,4.13333,3.37988,23.3716,3.32308,20,5.08984,6.78438,20,6.35027,15.5873,2.77576,1.95208,14.6544,14.4369,13,15.1086,3.67879,13,4.02123,4.83479,6.83031,19.8001,17.7656,6.20479,1.17226,16.6895,2.71629,12.5619,3.6374,25,8.50242,7.22332,17.7805,16.8043,0
user50,5.74929,4.10097,10.5539,17.1515,20,20,20,13.0481,4.20283,20,0,13,7.91681,9.11246,20,15.2272,4.34243,4.41464,1.25226,12.0007,1.92238,2.59311,9.60145,3.53431,18.5818,20.1775,13,6.30736,2.29905,13,2.6831,15.259,4.73833,5.78398,13,20,1.30144,18.9094,17.0539,20,17.5883,4.70734,6.92894,2.29716,16.0645,16.3302,18.4566,20,13,0,6.91632,4.69291,3.58722,2.87525,20,20,8.1109,3.5687,3.019,20,20,6.54462,5.00194,4.69096,20,20,15.423,14.8419,7.59031,15.3967,3.65663,7.64552,1.87879,10.0952,18.1469,10.8532,4.30133,13.2083,9.30417,19.4202,3.39584,3.2934,15.3484,3.43378,20,20,16.394,1.5748,14.9588,20,15.0019,6.65817,3.97302,20,20,13.1483,2.68399,6.46167,4.41007,20,0
user51,20,5.27232,4.43391,5.17504,4.26857,13,13.0975,14.0063,15.7115,0.711129,25,10.8695,6.90738,14.8639,13,13.5555,2.17902,6.54019,13,4.70943,20,13.8031,4.97957,17.4596,13,8.7302,3.70404,14.1011,4.89044,13,20,6.17765,15.7537,20,14.3269,13,1.56442,6.33036,20,17.564,19.1641,0.0286967,6.61287,4.03252,2.25889,1.96279,19.5563,8.22592,19.7495,6.91632,0,0.515687,20,13.411,0.750225,8.47242,6.68638,8.16326,20,0,24.2674,6.09265,5.05154,11.6177,6.41933,9.75759,13,16.6561,18.3868,13,20,6.5294,16.9685,14.9745,4.44158,14.3024,9.78052,13.9326,15.701,10.3755,13,13,2.08862,16.6762,5.74211,17.0461,3.0124,5.04163,16.2504,17.1603,5.71984,6.68425,14.7423,13,0.77378,20,14.0497,5.96805,7.61454,16.586,0
user52,6.57565,19.4385,16.4025,5.97388,5.19244,15.0399,2.22519,13.3322,4.84414,3.33215,6.86671,20,17.1827,13,13,10.9746,13,18.5955,20,13.5879,13.938,20,5.52737,16.8074,5.33425,8.6746,1.89449,14.1319,17.362,5.44479,4.46766,25,4.85447,16.253,7.81696,6.09804,4.58422,20,5.76335,7.89777,14.9505,25,13,3.22747,1.77331,13.3539,4.49476,20,6.98128,4.69291,0.515687,0,5.36748,9.09652,14.4988,4.03489,1.39736,20.2702,17.6847,4.42624,13.0655,17.4866,17.7133,4.6192,19.5447,15.8119,3.44306,20,8.79549,8.62499,9.43929,20,19.5255,4.5097,3.95733,13,20,5.3302,13,19.7554,20,20,4.3184,5.12597,6.33599,6.06505,9.01404,19.3552,9.1045,2.90328,0,20,5.71462,2.08893,2.24036,13.2776,20,1.77231,4.44558,6.60289,0
user53,6.76949,13,20,17.5415,7.17976,4.42958,20,3.10843,13.6664,4.99944,5.64115,7.52701,20,4.30904,1.69973,8.61089,20,1.92812,17.3892,6.13181,18.1809,19.638,20,17.8536,20,7.21999,13,13,20,13,2.9886,13,8.15457,13,8.27479,4.02534,13,6.29671,18.3712,3.82355,19.8339,6.58234,20,21.1813,13,8.67998,13,1.99597,2.83669,3.58722,20,5.36748,0,0,7.9418,15.3743,20,4.474,10.0173,13.4864,13,13.9593,20,16.7829,18.0019,7.11512,20,20,20,16.6883,1.63311,3.85382,13,4.13648,1.33543,0,13,13,14.667,2.2379,20,0.426127,13,14.079,15.3825,6.35035,20,5.83155,5.86501,1.78162,13,7.57532,25,18.1265,16.5914,4.19863,17.1032,20,20,13,0
user54,20,2.88997,20,12.8669,3.59024,20,0.210361,4.87275,18.2094,13,12.2093,15.0556,3.63959,17.8167,13,0,6.44691,4.16326,15.1069,17.9967,20,4.35273,9.57023,14.0004,5.2671,6.97915,2.69415,2.05835,18.7095,20,9.34843,4.95564,20,25,4.42024,13,0,13,20,13,14.8045,8.05823,3.41243,18.423,5.9385,4.25278,13,13,20,2.87525,13.411,9.09652,0,0,5.0939,4.51408,7.91844,7.08735,16.3528,0,20,3.95374,4.44187,20,0.344182,8.53834,6.09208,13,25,3.19334,20,1.48926,13,20,9.6716,20,16.7233,5.09373,13,4.14483,4.26512,17.18,8.58299,16.7983,4.24853,13,7.24643,4.15703,13,3.89818,13,4.23139,17.3985,15.8217,3.41938,15.1033,2.04168,6.65363,13,1.27134,0
user55,9.20868,4.51831,14.916,2.86562,20,20,14.9044,18.1163,2.77378,20,0,13,13,8.58581,11.2556,20,2.50823,3.45866,1.29159,16.4876,9.44996,5.1328,3.58444,4.21608,20,12.2996,4.15167,13,20,14.0504,0,7.32711,2.01644,4.75521,14.7377,13.0195,13,2.90283,8.30791,13.9433,17.6834,9.94181,7.51696,9.93795,15.2418,20.5806,2.62658,3.075,2.7594,20,0.750225,14.4988,7.9418,5.0939,0,20,13,15.164,20,25,3.57506,16.7658,5.6789,6.79344,20,9.82914,17.2127,15.6856,13.8156,12.6864,3.2475,2.96749,6.84606,4.02415,18.5455,10.8923,16.9242,5.0122,19.1251,16.9261,3.85577,1.39338,5.29036,6.70772,18.9889,15.2562,7.48121,5.30993,15.4839,20,8.28762,6.1369,14.9559,15.8274,22.6329,15.0543,15.8989,2.8444,13,20,0
user56,6.38509,13,4.61287,15.8906,14.4807,20,13,17.1377,2.30802,20.7156,8.78959,6.38393,3.14087,16.0662,6.71249,20,13.3735,0.936482,0.905508,13.5329,4.76557,3.28711,13,5.88895,13.8104,20,6.37397,2.86926,14.6164,5.42095,16.9467,7.85862,4.05352,5.9199,7.65802,20,6.50084,13,13.0963,20,14.2807,6.30648,19.8088,3.77849,18.2442,20,13.9078,3.40368,1.16528,20,8.47242,4.03489,15.3743,4.51408,20,0,13.7793,4.76942,3.65012,20,9.1061,18.3039,2.76399,6.573,17.4725,20,3.79995,20,7.08264,5.3135,18.79,14.0845,5.83268,4.82997,3.5761,18.5659,3.72667,6.1745,5.1597,4.03904,13,0,8.94056,2.20611,18.0514,20,10.0439,6.29433,2.25074,11.5881,25,0,4.70161,6.28557,14.3965,14.7145,13,0.600748,5.59003,13.4747,0
user57,2.20712,17.9567,20,12.3986,5.16371,3.6436,17.3953,6.30414,4.76304,15.1427,0,3.0741,20,10.2969,6.58902,17.4,20,20,16.7329,0.162428,13,1.20858,20,19.5911,4.42647,5.21508,23.155,3.54427,8.56436,13.1564,1.89924,4.66485,19.9358,0.564089,8.60631,8.20314,13,5.58274,4.22884,0,18.8445,2.78423,20,20,3.91969,16.2217,20,8.65842,13.8063,8.1109,6.68638,1.39736,20,7.91844,13,13.7793,0,7.69401,2.71261,8.22822,13.097,5.51243,22.6774,13,15.7291,6.53607,24.5932,6.29957,13,13,6.34374,4.49588,20,0.0229648,5.74754,0.769247,17.5545,13,15.9607,20,14.4314,6.67343,15.704,15.4264,3.84989,13.7597,13.2219,5.32921,18.0781,13,1.72316,7.60228,20,20.047,15.6459,2.99797,18.1351,18.0148,19.9382,3.22709,0
user58,17.4012,20,19.6159,9.45895,7.42069,2.47973,1.85284,13,13,4.48971,3.84464,20,6.20554,17.4392,4.39932,19.3952,8.47926,20,14.02,5.23607,13,19.7783,3.98392,3.35683,13,5.7872,6.43006,25,8.32891,6.04474,5.10579,20,4.17502,6.44856,16.0713,1.38787,4.25819,20,5.91859,3.84167,5.89272,13.4454,1.89135,13,13,8.03582,15.5689,20,4.84134,3.5687,8.16326,20.2702,4.474,7.08735,15.164,4.76942,7.69401,0,5.43767,14.7255,6.78885,16.9984,14.4074,7.38826,4.15423,17.5771,1.06419,20,18.7431,14.6635,7.49104,22.3633,8.21254,16.2711,4.56231,13.5706,20,5.04933,4.89486,2.98468,6.52294,20,15.6005,13,4.55179,13,2.52477,16.8707,9.41988,15.1957,8.14988,25,17.6871,4.9403,13,2.84069,25,13,3.79708,3.40966,0
