,user1,user2,user3,user4,user5,user6,user7,user8,user9,user10,user11,user12,user13,user14,user15,user16,user17,user18,user19,user20,user21,user22,user23,user24,user25,user26,user27,user28,user29,user30,user31,user32,user33,user34,user35,user36,user37,user38,user39,user40,user41,user42,user43,user44,user45,user46,user47,user48,user49,user50,user51,user52,user53,user54,user55,user56,user57,user58,user59,user60,user61,user62,user63,user64,user65,user66,user67,user68,user69,user70,user71,user72,user73,user74,user75,user76,user77,user78,user79,user80,user81,user82,user83,user84,user85,user86,user87,user88,user89,user90,user91,user92,user93,user94,user95,user96,user97,user98,user99,user100,user123,
user1,0,5.57087,5.11072,8.60366,5.59752,14.1135,6.31785,2.18617,15.4422,1.99614,25,3.16248,5.97669,11.6446,10.5266,11.625,1.82149,3.74136,3.66597,5.10721,25,2.86219,3.56826,2.00334,9.37829,16.6407,4.27036,8.20761,6.64967,6.92663,25,5.97078,4.39851,21.8625,4.54075,8.6656,2.40691,5.88779,11.3357,6.20976,25,7.48342,4.45503,19.9653,0,14.3298,0,4.81464,3.25783,3.01163,25,0,5.72702,19.6305,5.57547,10.8799,8.06001,2.6511,22.7749,3.43786,25,4.01305,4.12594,17.8409,3.80658,5.62387,3.86692,5.0978,17.3205,5.45296,25,3.16666,5.01159,21.2297,1.10723,18.4088,3.23534,8.96015,18.132,3.31019,20.6071,5.78819,7.29083,3.38939,1.44122,13.6748,2.39876,7.1909,1.97985,5.89634,4.54141,7.78833,4.68688,8.29604,8.7466,25,10.3288,5.6429,5.24523,6.17934,0
user2,5.57087,0,0.393124,7.91417,0.476585,5.46865,2.25692,22.0158,6.06477,4.73142,6.11676,15.6713,6.39128,6.10236,1.00208,2.95999,2.05392,22.7622,3.76717,3.67889,3.91624,25,0,4.27383,1.58855,4.86439,9.49064,25,2.41256,9.2489,8.43121,25,5.82558,6.07557,8.27851,8.16177,7.73001,25,3.04834,7.26326,3.36347,25,2.41189,4.34734,3.75562,5.8203,4.41778,25,1.82034,0.844069,2.58724,25,5.23435,6.04204,6.19908,1.51363,7.52294,25,1.2189,6.59376,7.75919,25,1.98623,2.95697,4.41558,4.60351,2.4744,25,9.3901,3.98801,7.61767,25,5.52051,2.54549,10.6553,5.08439,25,4.49969,2.74957,3.06047,3.64353,25,3.24706,1.92257,0,1.80571,5.40857,25,2.51686,5.29475,0.855661,25,1.98621,5.2729,5.89846,3.14288,25,2.25014,7.4456,4.18861,0
user3,5.11072,0.393124,0,19.6997,6.7899,3.78529,25,5.01537,6.84031,8.891,5.32086,10.4956,25,4.83888,4.54917,0,19.5889,5.5943,19.3067,5.89568,1.32514,2.94467,25,20.9117,5.40441,2.64146,18.8675,5.4195,18.1799,2.64854,2.20577,3.53634,19.0263,8.36371,4.16586,11.125,16.376,5.3419,2.69804,0.397024,0,6.32259,25,4.98011,2.3746,5.1912,25,5.61779,18.5846,5.11217,6.48738,8.3215,25,0,6.24064,4.71606,25,1.2225,3.14198,3.71233,4.04351,6.6469,19.0714,3.77267,3.35074,1.29487,22.9493,7.19851,5.42037,7.57505,4.63154,5.04011,13.916,2.81696,1.69786,1.12482,4.88344,25,4.59102,8.10811,2.92084,3.34691,23.0731,15.0854,6.9832,0.347839,24.7925,2.62793,20.343,5.84863,0.0715157,5.33373,25,15.1421,1.76132,2.26101,1.93432,25,15.1749,5.216,0
user4,8.60366,7.91417,19.6997,0,4.8291,5.51966,16.0395,7.59943,22.9076,0,6.40115,5.32633,19.8128,25,5.16716,2.97783,1.24895,3.58478,25,5.26629,1.11668,6.5344,13.7033,23.7783,5.03676,8.83406,8.55991,5.54518,25,2.70717,3.66757,2.6578,5.74302,16.0089,7.06365,4.59531,5.87503,6.25655,16.5287,4.15489,9.93024,5.62483,21.9751,20.2666,8.36004,5.14589,17.2912,2.42251,25,5.71974,4.21031,3.17193,11.7438,23.8945,1.01888,2.8785,18.9878,2.66162,24.5593,5.57789,6.55801,8.28479,7.87137,19.1118,3.58456,3.40248,6.95457,4.9361,20.7795,3.9915,7.90474,4.82215,6.98704,21.0299,5.76273,3.33174,4.48226,25,24.8646,9.64315,8.91454,3.02532,5.84684,25,2.64836,6.7692,5.54294,5.74111,25,6.72551,2.7378,4.82683,18.6376,25,7.02615,3.76173,2.05809,16.0327,25,3.74043,0
user5,5.59752,0.476585,6.7899,4.8291,0,18.6722,1.36999,15.101,8.11402,25,2.437,23.8131,10.2188,2.08457,25,19.3432,8.75737,0.532548,3.24385,25,8.57538,2.1434,4.82731,4.93692,25,19.5337,1.3954,4.35493,4.0739,12.5822,1.87185,3.048,2.35269,4.68989,21.1667,16.8365,5.81181,1.82757,0,24.0662,3.19085,4.56987,8.85322,3.88008,20.9516,15.6047,4.18778,1.71993,4.66681,25,3.07589,4.17848,8.19351,2.63367,25,16.4994,3.95106,10.2754,0.839112,25,4.44635,3.60073,5.9476,6.98562,25,17.1426,5.27738,4.86799,6.58334,18.4728,3.36227,4.81348,3.25698,4.78454,25,5.60375,9.12803,2.28087,2.54769,25,5.6483,5.39238,3.50245,5.2024,16.3042,13.9435,6.15033,3.80572,5.99953,19.3718,15.616,1.83693,4.8721,5.37745,25,2.53541,4.0999,8.9974,4.40479,25,0
user6,14.1135,5.46865,3.78529,5.51966,18.6722,0,1.5858,12.0273,6.76206,19.4189,13.4526,17.9023,3.74898,5.36072,5.09005,25,5.06457,8.66908,1.96934,15.2086,15.4524,4.52521,4.12476,7.47835,1.33186,25,1.61321,6.78232,6.25227,2.92237,12.0342,1.56879,5.88121,5.13951,9.68709,25,3.79472,7.76705,6.73067,7.62176,14.8966,6.96891,6.34395,4.07889,1.78362,25,6.06167,2.12535,3.00725,16.6366,8.59582,4.75961,9.54189,4.49239,17.7249,25,6.10149,4.63567,4.9618,14.6104,11.3477,3.88916,7.77278,3.74922,13.3174,25,5.04785,3.09278,3.82353,3.41633,12.1207,5.01205,1.88143,6.23949,0,16.855,3.40857,3.60924,6.31973,7.61197,12.3055,4.58415,5.86024,2.28192,3.43544,25,9.73387,5.86017,0,9.07664,25,7.28787,5.31024,6.57637,17.5619,15.4036,5.6953,1.98092,5.89035,14.1511,0
user7,6.31785,2.25692,25,16.0395,1.36999,1.5858,0,2.73006,0.607757,2.82416,7.16641,4.23408,25,9.00826,0.0125933,2.98987,14.4224,4.05839,16.1013,6.20037,1.51829,4.48692,25,14.29,1.58169,7.53473,20.7446,2.21096,16.3628,4.80605,0,2.66027,25,0.936351,5.63908,6.99269,21.7557,3.1771,1.40041,4.21209,2.9934,8.55298,25,0.357193,3.41045,10.4094,25,2.65033,15.6305,3.5871,4.03035,7.70998,25,5.10456,7.15207,3.25364,25,2.06359,5.6554,4.49058,8.26727,7.13416,20.7471,5.03739,5.23487,5.76061,21.312,1.8996,4.12928,3.82115,3.84132,4.09221,24.2341,5.53122,1.84447,5.01911,1.42327,25,6.38675,0,3.49008,5.96505,19.8582,12.8629,4.18967,4.86651,12.7511,6.90358,19.3278,4.32586,4.08538,0.648258,25,18.3812,2.32733,9.39236,5.08328,25,15.3347,8.18666,0
user8,2.18617,22.0158,5.01537,7.59943,15.101,12.0273,2.73006,0,1.90241,20.4806,3.53824,25,5.6885,4.1259,1.98806,16.5027,4.80105,18.2958,2.69885,19.5106,3.64911,25,7.55214,1.93277,6.03594,24.1652,4.08827,19.0995,6.91407,1.95898,2.30568,21.8567,1.37428,3.5705,6.64691,16.9907,1.56899,25,11.6894,0,5.97954,13.0469,1.21567,2.64401,1.54082,18.1782,3.44844,22.7777,0.69854,16.3269,0.377507,14.0504,4.58996,0,21.2097,21.9518,2.6552,20.6644,6.97468,16.164,5.22202,24.4681,6.0518,4.445,14.3782,22.8595,3.98807,24.7667,4.14173,7.75515,0,25,0.356613,3.06198,0.714021,2.92101,18.5295,3.04665,3.34568,2.74423,4.28435,16.0541,5.89857,0.699638,5.23687,23.0095,4.81792,24.463,2.73403,6.48872,22.4765,25,4.26564,1.28939,13.6692,5.42881,20.8496,7.71955,6.46529,17.0574,0
user9,15.4422,6.06477,6.84031,22.9076,8.11402,6.76206,0.607757,1.90241,0,5.73283,13.3104,4.28743,1.0666,25,1.28278,4.14881,3.88728,3.13085,17.6577,1.91118,18.4197,3.86286,2.04794,18.2273,5.64838,3.31445,2.24192,0.664966,20.3345,5.46714,16.3647,7.26808,6.3299,25,3.8935,3.9178,3.23582,8.08012,25,4.65277,13.9686,0.215336,4.7378,25,2.00433,5.36101,5.83097,4.99456,19.1414,8.1181,17.5502,6.53235,4.46976,25,2.91637,4.22182,5.62662,8.73303,25,5.08081,15.8577,4.00677,7.50727,25,3.11543,6.69493,4.31412,5.63938,25,4.77479,17.3001,3.72031,3.93428,25,0.484649,7.43639,5.2413,5.46906,25,0.0122307,2.39874,5.94958,2.27036,24.2624,3.58744,3.18125,6.59826,6.38667,16.5414,6.07545,7.11979,1.7863,10.5252,21.2341,4.8849,16.1092,1.81889,8.5315,25,4.88881,0
user10,1.99614,4.73142,8.891,0,25,19.4189,2.82416,20.4806,5.73283,0,2.62077,19.4922,5.55146,6.46543,18.2441,19.3328,4.01383,6.79962,7.45348,25,3.57603,7.1914,6.07873,6.57928,20.6181,19.2191,7.11001,7.53913,4.65982,22.9199,8.79682,1.64547,7.24186,4.37902,20.6413,14.3297,6.12403,0.838734,4.16214,24.7783,7.44231,10.1582,5.25986,5.01745,19.2948,22.8063,2.57025,2.88578,5.8308,25,7.20473,3.30464,6.25183,5.27896,25,18.429,8.58429,0,5.17491,25,2.45284,3.88099,4.64759,7.07655,25,15.7405,7.865,2.57133,6.35299,25,9.59064,4.05616,3.8888,2.72185,24.4312,2.07294,6.36574,2.23261,4.16876,23.3775,4.66617,4.33662,8.96874,5.00006,20.3409,17.1101,7.25297,4.11884,4.21187,23.775,13.6944,6.64445,1.57743,6.59968,25,3.46989,6.26555,7.1722,6.67024,25,0
user11,25,6.11676,5.32086,6.40115,2.437,13.4526,7.16641,3.53824,13.3104,2.62077,0,6.66262,2.67965,19.1529,7.11309,14.0676,5.69793,4.6084,3.31911,2.98212,25,7.55245,7.18906,5.76817,0,16.2825,6.78889,2.62426,4.35607,4.16712,25,6.24113,5.09623,19.0071,5.0881,15.2184,4.91716,2.54874,11.1793,8.99236,25,1.87353,6.29733,14.0642,4.07504,7.95056,2.91584,7.84122,6.05454,8.00025,25,2.98396,4.33723,18.7626,1.91237,11.3541,4.7214,4.90637,18.7714,3.88044,25,3.84277,5.32016,21.0289,9.58669,14.9765,0,3.80202,16.2909,0.729038,25,9.85557,2.27082,20.1818,4.59753,21.4261,4.10858,2.58012,22.152,3.65597,23.9389,7.26643,6.65292,2.92531,5.18276,11.3049,6.60537,9.55074,6.48638,4.70195,19.2325,3.00235,0.012947,8.42008,2.30784,25,4.50914,5.21178,5.13729,1.22409,18.7785
user12,3.16248,15.6713,10.4956,5.32633,23.8131,17.9023,4.23408,25,4.28743,19.4922,6.66262,0,3.23018,5.6013,2.20149,16.0324,0,25,5.18685,15.2388,8.76497,17.0911,0.992178,3.84934,0,19.164,2.03773,24.3213,0,6.54861,4.47047,18.4153,1.40981,6.23594,4.61203,11.1192,2.97635,17.4785,0,5.58826,6.49622,13.5276,0.435984,7.44388,3.66262,15.8059,3.50371,25,2.5356,19.6911,4.13829,21.4832,2.13827,2.19572,17.7721,19.0483,1.08252,23.397,10.5137,13.0088,5.76791,21.2312,4.88472,6.15949,22.1128,16.6845,2.31813,21.0126,1.69298,7.72564,0,23.4359,6.30944,6.20556,8.78157,1.46197,11.086,10.695,8.17696,5.76394,4.49778,18.3975,6.62877,4.96584,4.18095,11.1437,9.5969,23.2697,4.40277,3.54856,11.0469,14.9217,0.224063,2.80118,24.4197,6.30169,15.2909,0,1.81203,21.9043,0
user13,5.97669,6.39128,25,19.8128,10.2188,3.74898,25,5.6885,1.0666,5.55146,2.67965,3.23018,0,1.60421,6.60262,7.75031,25,3.71167,19.8085,4.00757,4.16508,0.312469,25,19.339,7.78173,3.37745,20.8504,5.89151,20.338,5.1841,8.15268,1.47417,24.0524,7.52366,4.65269,4.15351,22.3193,3.66135,7.01648,0,1.40712,10.2578,25,2.27333,2.02085,4.42866,20.219,4.50393,15.4211,3.60627,5.65778,4.34326,25,3.01185,5.08453,2.35261,25,4.08833,5.66629,8.13272,1.87159,2.03268,18.2052,6.65385,6.63569,3.36965,12.7781,8.62668,6.96423,6.17981,3.76125,7.43371,20.0174,3.23065,3.07218,3.40847,3.0645,25,2.78496,4.61627,0,4.25061,25,16.2071,1.96846,7.66174,20.9601,7.1689,14.7011,5.92841,0.587953,5.25142,25,14.2352,0.483399,3.92876,2.79602,25,15.9948,0.476141,0
user14,11.6446,6.10236,4.83888,25,2.08457,5.36072,9.00826,4.1259,25,6.46543,19.1529,5.6013,1.60421,0,5.83301,0.174682,6.484,5.80859,25,7.22165,25,0,0.128782,20.1408,7.75506,3.68485,0,6.63716,25,6.88621,18.2316,0.489153,2.16548,25,4.34451,3.38666,5.84473,3.95948,25,6.47738,19.5365,6.49337,8.17176,25,5.33368,1.20469,7.81465,5.32712,25,2.60715,14.538,2.62651,6.07771,25,9.19829,7.44235,1.32342,4.88121,25,0,13.4886,7.53442,7.08346,25,11.3458,3.5331,7.75746,4.13413,25,4.08363,15.0385,8.90953,11.221,25,2.82898,5.95349,2.23707,2.20374,21.6246,1.78442,4.30782,6.57041,2.18639,21.9667,3.90898,2.10484,2.68961,2.94151,22.6951,5.0786,9.29817,5.34821,2.7309,21.0608,0,18.386,6.47628,5.30749,18.3133,4.32763,0
user15,10.5266,1.00208,4.54917,5.16716,25,5.09005,0.0125933,1.98806,1.28278,18.2441,7.11309,2.20149,6.60262,5.83301,0,3.29722,14.6849,10.2108,5.49079,21.0721,2.91473,3.72914,2.15988,7.75042,25,3.60743,17.6087,7.56785,6.94739,25,4.45541,5.67396,7.7794,6.69631,25,2.11104,13.8302,0,1.49216,25,8.14422,1.15061,4.5261,6.94458,25,2.79542,4.98006,5.40926,2.34747,25,1.3776,4.11103,7.39571,7.72228,16.5588,1.13071,5.52828,3.86098,3.20877,20.3166,3.26995,4.31255,16.6227,1.62499,25,6.08589,19.2139,7.91084,12.0047,25,1.83825,5.88284,21.2487,4.92709,25,6.60691,5.22971,3.8115,11.5899,25,2.44358,6.75397,16.1105,5.48591,25,6.71026,19.2225,4.62451,0.959534,25,6.70949,6.24904,5.15952,4.63065,21.3643,4.00006,3.4661,8.25553,4.88467,16.5007,0
user16,11.625,2.95999,0,2.97783,19.3432,25,2.98987,16.5027,4.14881,19.3328,14.0676,16.0324,7.75031,0.174682,3.29722,0,1.54017,11.1678,5.09459,14.2095,15.0266,2.35016,0,8.65485,0,25,1.53948,8.33998,5.02028,4.27919,9.10276,4.65674,0.505022,5.83131,8.7063,25,5.0975,7.05093,8.49332,2.73391,11.9707,1.87039,1.50954,5.21654,7.43389,25,5.08702,7.24016,7.33256,14.8766,9.54583,8.1465,4.65555,7.52,16.9617,25,5.67549,5.85924,0,16.4989,15.3278,3.4721,5.73013,7.44241,17.0707,25,6.77344,1.68402,3.48041,7.26856,16.9109,0,5.07395,2.30661,5.8268,10.9024,5.87158,6.56867,4.38346,4.90843,7.9472,6.68995,5.80654,2.88398,2.10418,25,4.66628,7.68063,6.0919,8.12382,25,4.13797,6.30938,5.36455,16.1566,17.0256,0,5.34664,4.71697,19.2825,0
user17,1.82149,2.05392,19.5889,1.24895,8.75737,5.06457,14.4224,4.80105,3.88728,4.01383,5.69793,0,25,6.484,14.6849,1.54017,0,3.56985,5.01176,1.05081,3.23207,0,18.659,5.77882,14.1338,4.29568,25,7.64305,7.75933,18.6434,4.51057,3.85744,25,1.64747,18.3857,2.94082,25,1.36883,6.98568,16.551,3.40647,0.120533,25,5.91332,21.1321,3.75172,23.6157,9.35817,7.62846,0,3.8133,4.15199,23.2203,7.1606,3.73849,3.38994,20.439,0.688466,1.15708,2.36373,6.85676,5.26259,25,1.84738,3.08255,0.661543,25,6.59235,9.37605,22.7559,4.07443,1.95883,25,8.09836,14.0597,1.6023,2.62908,22.1202,9.21113,19.8489,3.21845,0.586277,25,2.08182,21.611,3.44672,25,5.255,3.29446,15.2722,9.65946,1.23373,25,2.07337,3.79223,5.6,5.46415,23.1668,2.70842,8.91444,0
user18,3.74136,22.7622,5.5943,3.58478,0.532548,8.66908,4.05839,18.2958,3.13085,6.79962,4.6084,25,3.71167,5.80859,10.2108,11.1678,3.56985,0,7.56683,4.5078,6.97191,25,4.90941,3.46528,5.34702,5.06039,1.99077,25,3.47039,4.10069,6.26629,25,5.90927,2.62573,5.50503,7.14114,3.40035,25,6.28145,3.93946,5.53632,25,5.70267,4.33538,4.93109,6.06071,5.71473,25,2.47614,5.11228,9.03581,25,4.74737,1.08594,5.91489,5.96033,9.09961,25,0,8.07453,1.42954,25,1.81426,3.19212,1.57199,4.12735,6.95591,25,6.93058,5.09222,9.60604,25,5.53284,7.48285,3.09272,5.6651,25,2.13396,1.7351,8.43897,7.83115,25,4.46378,2.24211,2.64454,4.43784,3.60693,25,5.31674,0,4.23211,25,2.12071,4.74875,10.1945,5.47072,25,3.59353,3.19102,12.1499,0
user19,3.66597,3.76717,19.3067,25,3.24385,1.96934,16.1013,2.69885,17.6577,7.45348,3.31911,5.18685,19.8085,25,5.49079,5.09459,5.01176,7.56683,0,7.37125,5.64735,0.147994,14.8369,25,7.02555,1.7506,6.25785,7.25992,25,9.55076,0.988539,2.14259,6.18661,25,1.6327,5.74647,5.91913,2.50494,22.4677,4.21886,0.998329,3.73331,21.2294,18.0705,4.99453,6.0437,7.22269,3.39945,25,1.53335,6.31117,2.26047,17.6756,21.0983,5.52507,5.17326,21.6588,7.84043,23.2545,4.00158,1.69795,1.41257,4.27546,18.6344,7.33013,3.25377,5.34754,11.0874,20.5987,4.41576,4.94658,5.74659,5.39789,15.0802,7.49379,7.57523,5.4298,17.1027,25,1.85147,1.29186,10.6212,3.05716,25,4.90101,1.9674,7.11718,0.210886,25,5.86578,0,4.4199,21.8166,19.8667,4.09724,5.4416,8.87772,22.2728,25,6.07966,0
user20,5.10721,3.67889,5.89568,5.26629,25,15.2086,6.20037,19.5106,1.91118,25,2.98212,15.2388,4.00757,7.22165,21.0721,14.2095,1.05081,4.5078,7.37125,0,1.15747,4.26974,5.84074,3.59361,19.6519,18.6551,11.0513,5.48813,6.25754,20.9063,4.16679,4.252,6.67325,1.53798,23.1895,18.6599,3.93465,8.67708,1.6013,20.1283,8.59414,0.335165,5.2608,8.40682,23.3397,15.8576,1.38753,8.49832,3.00254,25,3.95096,4.72748,4.28022,7.20198,25,21.082,7.02121,4.31707,1.88835,25,9.61021,3.14817,4.5992,1.64948,25,17.0414,5.95199,2.79152,4.3485,24.222,2.89805,4.39354,2.70335,6.54671,22.0646,2.31528,4.82052,4.97691,5.39263,17.271,7.25946,2.06103,10.651,5.93339,19.6619,19.3782,7.61079,4.46206,6.31117,25,19.9556,12.1117,7.38987,8.18118,25,7.10615,3.12773,4.99911,5.83141,25,0
user21,25,3.91624,1.32514,1.11668,8.57538,15.4524,1.51829,3.64911,18.4197,3.57603,25,8.76497,4.16508,25,2.91473,15.0266,3.23207,6.97191,5.64735,1.15747,0,3.15246,3.65025,4.68136,4.72779,12.4794,2.58628,3.13806,3.84852,7.88764,25,6.44309,6.04526,15.9165,5.56303,15.6715,3.5962,6.00623,20.7586,2.25841,25,6.94146,6.76196,19.3058,6.37546,18.3699,7.02856,3.47708,3.79515,3.90303,25,3.27356,1.76829,14.8185,5.58711,13.3064,3.95016,3.31121,19.6784,2.91928,25,7.07049,3.79794,15.8307,4.26731,12.5198,4.238,3.94941,18.0119,0,25,0.979604,0,10.8449,0,22.4809,5.76622,8.23845,21.5923,3.23203,25,6.33966,3.65188,6.11894,2.83287,8.65373,4.71353,5.47391,3.12256,2.88449,16.5207,1.41747,3.83466,3.15245,6.65813,25,6.41896,7.34134,6.08222,2.76577,0
user22,2.86219,25,2.94467,6.5344,2.1434,4.52521,4.48692,25,3.86286,7.1914,7.55245,17.0911,0.312469,0,3.72914,2.35016,0,25,0.147994,4.26974,3.15246,0,4.12211,3.17205,3.96446,4.76353,6.92928,24.4892,8.90487,1.52332,8.60482,25,5.91466,4.23454,3.12371,1.13195,4.83088,25,1.74356,3.98113,2.77182,25,5.26481,4.57401,3.96815,5.3458,1.77687,25,1.87681,2.81816,3.50906,25,1.64751,6.35877,1.81527,7.30104,2.14412,25,0.954661,3.56619,5.08998,25,2.51585,8.40214,3.25643,4.77943,3.62685,25,6.9293,4.31547,0.765954,25,2.96663,2.80289,2.83887,7.37074,25,0.396665,4.58695,4.25118,8.80224,25,0.701319,5.90518,3.03218,0.817919,5.23672,25,1.90641,4.83932,2.57659,25,2.89318,8.22009,5.38638,4.38853,25,2.63172,4.09803,2.13832,0
user23,3.56826,0,25,13.7033,4.82731,4.12476,25,7.55214,2.04794,6.07873,7.18906,0.992178,25,0.128782,2.15988,0,18.659,4.90941,14.8369,5.84074,3.65025,4.12211,0,15.4809,6.20867,6.7612,15.3822,4.53295,15.9682,3.80463,4.9666,6.05476,25,7.70042,0,1.54496,17.007,2.45284,2.14653,1.53257,10.4398,3.78365,25,5.71109,1.74148,5.13859,25,3.00205,23.6565,3.45506,5.44951,4.12905,25,6.13177,3.75468,2.65425,25,2.96392,5.63129,5.06649,6.47231,5.49166,17.3191,7.53258,5.0788,1.24962,22.143,3.01951,3.67763,1.56612,4.33128,0,19.8533,6.34205,3.85754,4.3121,2.02471,25,4.41776,4.17128,7.24434,3.96266,17.597,16.0131,4.95177,6.80917,20.2995,4.64243,23.0138,7.62865,5.35677,4.62413,23.7558,9.80303,5.6841,0.969987,2.47254,25,18.4923,0,0
user24,2.00334,4.27383,20.9117,23.7783,4.93692,7.47835,14.29,1.93277,18.2273,6.57928,5.76817,3.84934,19.339,20.1408,7.75042,8.65485,5.77882,3.46528,25,3.59361,4.68136,3.17205,15.4809,0,4.43597,2.32504,3.51015,3.58463,25,4.15765,5.75475,5.65581,6.27721,12.6464,6.06798,3.60087,4.7491,1.63736,25,1.55417,1.55524,2.20657,10.9564,25,3.67217,5.50059,20.6177,4.25603,25,5.32459,0.715586,6.58531,21.285,9.46945,2.22391,3.99749,21.39,2.98952,20.6168,1.071,2.59688,6.05868,6.502,22.1474,0.863031,4.44305,8.09178,6.28893,25,4.33117,9.75737,4.4363,7.48357,23.5872,2.53111,2.37391,0.961694,17.1362,19.6075,1.66197,6.49458,7.38906,6.07863,25,2.74331,3.26339,4.71534,0.204044,25,7.08946,3.81971,8.58418,15.131,25,0.460887,2.78676,4.65027,21.4115,25,1.65079,0
user25,9.37829,1.58855,5.40441,5.03676,25,1.33186,1.58169,6.03594,5.64838,20.6181,0,0,7.78173,7.75506,25,0,14.1338,5.34702,7.02555,19.6519,4.72779,3.96446,6.20867,4.43597,0,4.85419,19.3146,3.85017,1.37243,25,4.15064,3.43086,23.4611,3.66307,25,0,14.8693,2.58903,4.94331,25,4.54872,7.04011,6.93204,4.3952,25,4.41984,4.15887,2.14199,3.22094,15.5986,4.46357,2.10722,9.71395,3.39219,19.0241,0.524589,1.1215,7.43795,2.04693,25,5.29785,4.4216,17.7773,0.672836,22.1362,3.29019,9.5082,0.313513,3.88575,25,2.09158,5.85218,12.8333,6.04375,25,3.55782,7.43336,7.63999,8.9698,25,3.05437,3.76727,10.4755,2.06172,25,4.78041,12.4176,3.99845,2.41269,25,4.76534,11.9331,4.37529,3.77633,25,4.69978,2.6523,4.63624,1.22863,18.2499,0
user26,16.6407,4.86439,2.64146,8.83406,19.5337,25,7.53473,24.1652,3.31445,19.2191,16.2825,19.164,3.37745,3.68485,3.60743,25,4.29568,5.06039,1.7506,18.6551,12.4794,4.76353,6.7612,2.32504,4.85419,0,2.14038,1.84957,5.39808,7.30908,16.9512,6.55159,8.18076,5.30773,0,25,3.59951,4.56169,5.02739,3.63867,14.4246,8.55051,4.85513,0.649239,7.51709,25,6.9277,6.03128,5.4187,17.2494,14.4578,3.39322,2.92243,8.08535,16.3061,25,4.38885,8.13572,8.14538,14.8182,11.3954,5.66335,0,0,17.8954,22.649,8.42291,6.99889,5.06145,5.82737,13.4335,3.45941,5.96828,2.16477,6.47884,10.4233,0,2.19263,1.38656,5.10064,11.922,1.85834,6.46861,3.09397,6.92225,25,6.88658,5.46996,5.22859,2.54966,25,6.65081,4.43892,7.28967,23.3157,11.4339,2.47335,0.0356673,4.94477,17.0442,0
user27,4.27036,9.49064,18.8675,8.55991,1.3954,1.61321,20.7446,4.08827,2.24192,7.11001,6.78889,2.03773,20.8504,0,17.6087,1.53948,25,1.99077,6.25785,11.0513,2.58628,6.92928,15.3822,3.51015,19.3146,2.14038,0,5.71847,4.47364,15.2063,4.06358,4.74609,25,5.98006,12.2042,4.56,25,2.02449,3.68766,15.7885,5.77051,3.94763,16.6328,4.48643,22.4423,3.02825,13.9204,8.15724,5.24227,6.54269,2.67976,2.41676,18.7224,3.79407,5.74474,5.19647,22.8088,6.20802,4.42817,2.54862,5.35474,8.487,25,0.965817,0.646202,4.77182,24.7968,5.1254,4.27028,21.2306,5.99566,7.04741,25,2.73578,15.9818,8.17354,4.21486,17.2949,4.30299,17.0044,0.691104,9.32107,25,5.50454,17.6086,0,25,3.89243,0.371018,19.9724,3.09266,1.48103,16.772,1.7731,3.80342,6.24725,7.79192,14.3831,6.8504,8.11507,0
user28,8.20761,25,5.4195,5.54518,4.35493,6.78232,2.21096,19.0995,0.664966,7.53913,2.62426,24.3213,5.89151,6.63716,7.56785,8.33998,7.64305,25,7.25992,5.48813,3.13806,24.4892,4.53295,3.58463,3.85017,1.84957,5.71847,0,7.85557,7.25783,5.33917,25,7.59536,5.56707,5.52798,8.11945,5.96474,25,2.91506,1.50795,7.49418,25,0,1.22578,6.1939,5.66286,5.15961,25,8.88019,1.66051,2.11779,25,7.64689,7.6558,1.36886,6.50501,3.50578,25,4.94454,5.43983,3.03516,25,5.50249,4.96753,2.94312,4.10806,3.88169,25,2.9151,4.02683,3.44984,25,3.24913,3.2857,0.744055,1.22549,25,3.06953,3.9574,6.9441,7.17146,25,1.37735,4.1236,4.52686,6.67805,6.44759,25,2.38003,8.23619,3.47747,25,5.96175,7.91811,4.26122,6.08877,25,2.81268,4.3374,2.85004,0
user29,6.64967,2.41256,18.1799,25,4.0739,6.25227,16.3628,6.91407,20.3345,4.65982,4.35607,0,20.338,25,6.94739,5.02028,7.75933,3.47039,25,6.25754,3.84852,8.90487,15.9682,25,1.37243,5.39808,4.47364,7.85557,0,0,6.33303,5.76837,4.01939,22.8437,5.86427,9.45124,3.45268,5.43807,20.2193,2.8462,6.22427,9.457,20.0564,20.3279,5.7957,5.76071,18.7388,4.78776,25,2.9676,5.54835,5.95901,16.771,25,4.55006,3.85593,20.9703,9.42812,25,5.08341,3.63915,2.40843,2.51512,18.7772,5.68703,7.88862,1.1693,7.78098,22.8262,3.38817,5.9346,7.67468,4.09296,23.3912,7.16968,1.9689,6.60283,22.9883,22.0365,0,6.89577,5.20353,5.25074,25,5.51299,10.3478,0.342523,3.18561,25,2.67651,1.37777,8.56203,20.1234,25,7.62207,4.53108,1.08293,20.7921,25,7.12155,0
user30,6.92663,9.2489,2.64854,2.70717,12.5822,2.92237,4.80605,1.95898,5.46714,22.9199,4.16712,6.54861,5.1841,6.88621,25,4.27919,18.6434,4.10069,9.55076,20.9063,7.88764,1.52332,3.80463,4.15765,25,7.30908,15.2063,7.25783,0,0,5.0551,5.63164,21.0564,6.17379,25,5.03064,20.2009,0,2.69479,25,2.53155,0,4.43169,2.07251,25,5.26492,5.40282,6.84851,5.6522,19.2547,2.28451,0.373175,7.0009,7.18075,21.0574,5.03872,6.04187,0.310911,5.68888,23.7087,12.9643,5.17676,17.188,3.04189,25,7.31148,11.2937,5.77969,0.456229,25,7.16105,2.48628,18.6997,3.09227,25,8.27781,2.95551,0.332947,4.88591,25,3.03763,4.11206,14.4922,5.29139,25,6.0269,14.9663,3.04345,2.91466,25,0,2.85057,3.56744,3.11322,20.1117,5.40169,4.00165,8.33591,4.97118,13.9498,0
user31,25,8.43121,2.20577,3.66757,1.87185,12.0342,0,2.30568,16.3647,8.79682,25,4.47047,8.15268,18.2316,4.45541,9.10276,4.51057,6.26629,0.988539,4.16679,25,8.60482,4.9666,5.75475,4.15064,16.9512,4.06358,5.33917,6.33303,5.0551,0,6.70687,6.35985,15.3005,8.06314,16.6127,1.66133,4.06006,15.1008,0.12806,25,8.84908,6.66417,19.9249,0,7.68272,7.51991,5.67606,5.43896,5.86627,25,1.31462,8.79432,15.0116,4.0324,16.2491,2.8674,6.11937,14.987,7.71699,25,2.31161,4.7307,24.7858,5.14191,9.26819,7.0777,6.86244,19.9427,5.08623,25,4.07327,8.08258,17.4291,4.36671,19.6736,5.5909,3.88747,17.4109,6.37237,20.9154,6.47248,4.96812,7.1805,4.49611,21.0348,8.5163,7.1019,7.17899,7.19073,14.7659,8.32818,3.70907,5.37239,3.31518,25,8.54518,6.189,3.82355,4.50543,0
user32,5.97078,25,3.53634,2.6578,3.048,1.56879,2.66027,21.8567,7.26808,1.64547,6.24113,18.4153,1.47417,0.489153,5.67396,4.65674,3.85744,25,2.14259,4.252,6.44309,25,6.05476,5.65581,3.43086,6.55159,4.74609,25,5.76837,5.63164,6.70687,0,3.22873,4.18646,7.76767,5.09437,7.39808,25,3.53499,2.80449,6.42838,25,0.847665,4.38114,6.74509,7.99433,3.49438,25,2.6932,1.61994,1.72585,25,7.90303,2.52682,3.52507,0.980307,6.93411,25,2.45986,3.19487,5.22274,25,3.96251,0.332613,4.55288,2.73425,7.79309,25,2.7115,3.43899,4.34285,25,1.72381,10.2982,2.70003,2.42024,25,7.61718,10.0939,1.03427,3.21727,25,1.241,4.9562,3.80922,9.3897,6.36074,25,2.33274,5.98746,8.96502,25,4.22666,6.09214,7.96162,10.6719,25,6.51703,9.41966,2.83123,0
user33,4.39851,5.82558,19.0263,5.74302,2.35269,5.88121,25,1.37428,6.3299,7.24186,5.09623,1.40981,24.0524,2.16548,7.7794,0.505022,25,5.90927,6.18661,6.67325,6.04526,5.91466,25,6.27721,23.4611,8.18076,25,7.59536,4.01939,21.0564,6.35985,3.22873,0,9.52964,18.0732,6.44225,25,2.95134,9.20439,17.9959,6.5924,4.75929,22.8678,7.12233,14.84,7.61385,20.766,3.42733,5.3099,5.13098,4.71614,1.83659,24.9216,2.70419,8.42196,5.56511,23.6792,4.28935,2.04738,4.7166,6.65159,4.42969,25,3.35542,7.95809,2.09592,25,5.23187,7.64412,20.4028,4.55372,9.09202,25,4.79906,17.4575,6.71882,8.79741,17.4695,3.98677,23.6915,0.386934,1.18332,25,9.73084,17.1617,6.18793,25,1.18838,3.43614,19.4534,3.8495,8.95401,18.8413,4.16354,9.6444,5.50269,1.76746,25,2.95901,5.5619,0
user34,21.8625,6.07557,8.36371,16.0089,4.68989,5.13951,0.936351,3.5705,25,4.37902,19.0071,6.23594,7.52366,25,6.69631,5.83131,1.64747,2.62573,25,1.53798,15.9165,4.23454,7.70042,12.6464,3.66307,5.30773,5.98006,5.56707,22.8437,6.17379,15.3005,4.18646,9.52964,0,4.33296,9.53263,2.77011,4.51767,25,5.42783,18.3676,0,1.92422,25,7.43317,6.45772,4.64945,3.22586,25,5.63898,14.2814,3.72878,2.57579,25,9.07074,6.56757,3.90525,0,22.4655,5.08804,14.7184,3.2337,4.5311,25,3.14489,7.80815,5.69667,2.4971,25,0.498257,17.4716,4.25432,7.38673,25,6.52578,1.46242,11.3924,4.08965,25,1.28293,3.36447,4.5055,8.03903,22.612,2.46063,6.61751,5.06575,7.20367,25,4.80151,5.76222,7.55506,8.30608,19.4411,4.14039,13.4966,3.67715,6.79182,8.69956,7.76871,0
user35,4.54075,8.27851,4.16586,7.06365,21.1667,9.68709,5.63908,6.64691,3.8935,20.6413,5.0881,4.61203,4.65269,4.34451,25,8.7063,18.3857,5.50503,1.6327,23.1895,5.56303,3.12371,0,6.06798,25,0,12.2042,5.52798,5.86427,25,8.06314,7.76767,18.0732,4.33296,0,7.33226,16.5714,5.30554,2.07333,25,6.27004,3.87392,3.99501,9.80188,25,2.55158,5.84831,8.00071,5.13269,15.6223,3.30366,5.93323,0.926662,5.55141,11.3128,1.0656,4.21904,6.38013,4.31052,23.6434,0.278854,5.35893,13.5802,5.14127,23.9672,8.48547,21.8005,5.38562,6.87453,25,3.74659,3.09462,18.7407,1.45486,25,1.34824,7.87651,8.17446,2.63545,25,4.37689,3.64307,20.4702,0,25,4.73091,21.1433,3.37656,4.91714,25,8.32061,3.13926,4.76611,0.974569,19.0838,4.37203,7.10337,6.41141,7.34821,23.48,0
user36,8.6656,8.16177,11.125,4.59531,16.8365,25,6.99269,16.9907,3.9178,14.3297,15.2184,11.1192,4.15351,3.38666,2.11104,25,2.94082,7.14114,5.74647,18.6599,15.6715,1.13195,1.54496,3.60087,0,25,4.56,8.11945,9.45124,5.03064,16.6127,5.09437,6.44225,9.53263,7.33226,0,8.88011,2.54531,9.22747,2.35892,8.44628,9.14872,8.61073,2.27148,6.90965,25,1.26555,5.80342,2.22156,18.9786,13.7542,7.05209,5.05167,11.4429,15.0042,25,0,0,0.193531,22.1149,13.1822,7.85286,2.58549,8.59095,21.5801,25,3.30263,4.53194,5.17499,0.890913,13.2692,6.68362,4.53541,3.80072,4.68122,13.5429,3.24219,8.74416,5.88545,5.86607,14.3678,2.80254,4.75646,3.85324,4.27812,25,4.12195,4.43528,3.68156,6.84813,25,10.0061,2.39966,3.98229,25,9.03052,5.10299,9.1921,11.1069,25,0
user37,2.40691,7.73001,16.376,5.87503,5.81181,3.79472,21.7557,1.56899,3.23582,6.12403,4.91716,2.97635,22.3193,5.84473,13.8302,5.0975,25,3.40035,5.91913,3.93465,3.5962,4.83088,17.007,4.7491,14.8693,3.59951,25,5.96474,3.45268,20.2009,1.66133,7.39808,25,2.77011,16.5714,8.88011,0,4.11983,5.6844,17.5231,1.55956,3.88283,24.6127,3.8278,22.3524,6.33552,25,5.40141,7.58515,6.83575,3.30249,0.456966,16.715,7.67395,5.43012,8.97502,25,6.6232,1.46623,7.30258,0,4.17371,25,0.614518,5.74937,3.9455,25,6.85377,4.7292,14.988,4.59049,5.43166,25,3.79478,14.0217,2.80674,7.04488,15.4034,2.06715,20.2373,2.50855,4.20931,25,6.88241,19.3709,3.52384,25,2.94798,9.32435,16.3766,3.35179,6.72635,17.1295,4.75124,4.82263,5.13181,4.76925,25,4.29976,5.77688,0
user38,5.88779,25,5.3419,6.25655,1.82757,7.76705,3.1771,25,8.08012,0.838734,2.54874,17.4785,3.66135,3.95948,0,7.05093,1.36883,25,2.50494,8.67708,6.00623,25,2.45284,1.63736,2.58903,4.56169,2.02449,25,5.43807,0,4.06006,25,2.95134,4.51767,5.30554,2.54531,4.11983,0,0,2.32407,6.42727,25,4.76749,4.28606,5.13394,3.47074,2.30784,25,6.52465,1.59749,7.54479,25,5.7947,11.4791,6.60214,7.19821,1.35912,25,4.2735,1.96649,4.21462,25,7.2021,4.41374,5.30677,6.83,7.48291,25,6.87512,3.69148,5.82552,25,4.27337,2.52182,0,6.01948,25,6.46813,2.00175,0.367428,5.24322,25,10.6383,6.33596,2.468,1.1444,8.44681,25,0,6.61481,6.67121,25,0.0324145,5.3845,1.63553,12.1045,25,2.21541,5.89889,4.58363,0
user39,11.3357,3.04834,2.69804,16.5287,0,6.73067,1.40041,11.6894,25,4.16214,11.1793,0,7.01648,25,1.49216,8.49332,6.98568,6.28145,22.4677,1.6013,20.7586,1.74356,2.14653,25,4.94331,5.02739,3.68766,2.91506,20.2193,2.69479,15.1008,3.53499,9.20439,25,2.07333,9.22747,5.6844,0,0,8.24258,7.97778,6.02571,6.69511,25,5.59249,5.7243,0.742502,1.26083,25,6.16118,17.9632,6.69152,4.41257,25,3.5687,0.725123,9.51768,10.914,25,9.75639,16.6513,6.92017,0.96145,25,0.927487,5.22629,5.45348,3.01357,25,8.32924,17.0318,1.12832,4.41379,25,0.818837,2.40277,5.9778,4.13083,25,2.4284,1.32209,5.18556,0.486901,18.2773,7.10811,4.49647,3.27478,7.16217,17.5715,6.45077,1.96083,3.23788,1.83376,22.9901,0,21.7358,6.75471,4.7795,25,4.41509,0
user40,6.20976,7.26326,0.397024,4.15489,24.0662,7.62176,4.21209,0,4.65277,24.7783,8.99236,5.58826,0,6.47738,25,2.73391,16.551,3.93946,4.21886,20.1283,2.25841,3.98113,1.53257,1.55417,25,3.63867,15.7885,1.50795,2.8462,25,0.12806,2.80449,17.9959,5.42783,25,2.35892,17.5231,2.32407,8.24258,0,3.78434,4.84157,5.14123,7.83,25,5.66712,3.61565,0.944908,8.70599,17.6729,6.71658,4.68131,0,9.25309,20.7352,8.02462,6.14582,2.97809,8.93233,17.7673,1.69081,2.95004,18.1855,3.53448,25,8.67165,19.8403,3.07107,0.646636,25,2.70522,6.6998,15.7086,4.97022,25,6.24003,6.76494,3.9727,8.78098,25,2.2903,2.51988,17.6274,3.91893,25,8.04858,15.7215,3.2648,3.08568,25,2.95376,2.51359,2.2077,4.41833,21.258,4.91369,4.70778,5.48054,3.70978,22.0274,0
user41,25,3.36347,0,9.93024,3.19085,14.8966,2.9934,5.97954,13.9686,7.44231,25,6.49622,1.40712,19.5365,8.14422,11.9707,3.40647,5.53632,0.998329,8.59414,25,2.77182,10.4398,1.55524,4.54872,14.4246,5.77051,7.49418,6.22427,2.53155,25,6.42838,6.5924,18.3676,6.27004,8.44628,1.55956,6.42727,7.97778,3.78434,0,0.760928,2.75071,19.7595,4.73973,11.0134,6.23395,0.0862869,4.8273,7.1762,25,2.30263,4.76521,22.8229,6.23875,11.3536,0.811812,3.67001,15.1277,2.6755,25,3.79841,2.16278,20.7838,4.27412,7.83851,3.06737,7.08365,11.5677,2.52654,25,2.24509,4.45214,15.0416,2.25277,15.3137,1.40006,4.24567,21.2205,5.63169,19.2969,7.83976,4.55295,2.44355,5.9596,13.6645,6.52654,0,5.68348,2.79167,12.8088,6.54438,4.0096,4.56678,7.10564,25,4.15437,3.72976,0.0540109,6.95546,0
user42,7.48342,25,6.32259,5.62483,4.56987,6.96891,8.55298,13.0469,0.215336,10.1582,1.87353,13.5276,10.2578,6.49337,1.15061,1.87039,0.120533,25,3.73331,0.335165,6.94146,25,3.78365,2.20657,7.04011,8.55051,3.94763,25,9.457,0,8.84908,25,4.75929,0,3.87392,9.14872,3.88283,25,6.02571,4.84157,0.760928,0,7.45992,0,5.61905,4.23096,3.95557,25,4.09735,4.4989,4.58826,25,4.71693,4.90053,6.02563,2.13999,7.89441,25,4.23293,5.99592,6.17358,25,4.96742,2.81289,0.430378,2.4791,5.96185,25,3.31834,8.85251,2.33664,25,3.01442,7.30776,4.05659,3.72105,25,6.03751,0.464522,7.71398,0.657421,25,6.45401,5.8699,2.40505,6.51519,7.29791,25,4.32757,8.37769,4.83475,25,4.63059,3.05962,2.02851,5.14927,25,0,7.41857,5.87837,0
user43,4.45503,2.41189,25,21.9751,8.85322,6.34395,25,1.21567,4.7378,5.25986,6.29733,0.435984,25,8.17176,4.5261,1.50954,25,5.70267,21.2294,5.2608,6.76196,5.26481,25,10.9564,6.93204,4.85513,16.6328,0,20.0564,4.43169,6.66417,0.847665,22.8678,1.92422,3.99501,8.61073,24.6127,4.76749,6.69511,5.14123,2.75071,7.45992,0,3.27144,4.54634,6.5133,25,3.68508,17.6626,9.18526,8.12644,1.94289,25,1.93441,3.84023,2.47635,25,6.20969,4.82163,2.6991,2.72512,5.09549,21.0257,7.21651,5.96691,3.95593,21.1354,1.44895,5.65015,5.522,5.90508,5.14246,21.8499,6.20513,7.72228,5.08666,9.03604,25,5.67142,6.09578,1.18156,2.86282,25,19.6789,5.0038,7.2183,14.4287,2.87911,17.1804,4.91209,4.92453,1.75743,25,12.8469,5.48776,11.2357,3.71048,25,21.4933,6.10435,0
user44,19.9653,4.34734,4.98011,20.2666,3.88008,4.07889,0.357193,2.64401,25,5.01745,14.0642,7.44388,2.27333,25,6.94458,5.21654,5.91332,4.33538,18.0705,8.40682,19.3058,4.57401,5.71109,25,4.3952,0.649239,4.48643,1.22578,20.3279,2.07251,19.9249,4.38114,7.12233,25,9.80188,2.27148,3.8278,4.28606,25,7.83,19.7595,0,3.27144,0,9.25009,5.50791,6.42113,3.5131,25,4.75997,18.208,4.35055,4.23745,25,3.43618,6.18493,3.82397,5.46284,25,6.80275,25,5.16453,3.68812,25,5.53105,9.31917,9.5152,4.78519,25,1.85008,18.1225,5.05395,4.52511,25,7.75654,2.43239,1.48483,4.34047,25,2.78097,3.01477,5.88169,7.34198,17.2097,5.38204,6.32843,6.39087,5.33705,12.0324,4.0863,5.35967,3.44442,3.70029,14.929,2.05749,19.695,1.6552,3.38107,25,7.38265,0
user45,0,3.75562,2.3746,8.36004,20.9516,1.78362,3.41045,1.54082,2.00433,19.2948,4.07504,3.66262,2.02085,5.33368,25,7.43389,21.1321,4.93109,4.99453,23.3397,6.37546,3.96815,1.74148,3.67217,25,7.51709,22.4423,6.1939,5.7957,25,0,6.74509,14.84,7.43317,25,6.90965,22.3524,5.13394,5.59249,25,4.73973,5.61905,4.54634,9.25009,0,8.65418,3.24263,2.92075,1.02307,17.7428,7.44461,4.87262,5.32091,7.38357,25,2.42884,2.97199,5.90081,2.68312,25,2.75181,4.74763,20.0994,2.2056,22.5164,7.87278,15.2397,5.98728,5.27375,25,7.4985,3.59667,23.2156,7.4148,25,4.19351,3.59052,0.680638,6.08547,25,2.94681,4.39248,20.0633,6.06719,21.514,6.63637,19.7504,6.96146,0,25,4.92138,6.69491,4.38748,3.07653,25,2.82116,3.1725,2.24472,6.8866,19.5819,0
user46,14.3298,5.8203,5.1912,5.14589,15.6047,25,10.4094,18.1782,5.36101,22.8063,7.95056,15.8059,4.42866,1.20469,2.79542,25,3.75172,6.06071,6.0437,15.8576,18.3699,5.3458,5.13859,5.50059,4.41984,25,3.02825,5.66286,5.76071,5.26492,7.68272,7.99433,7.61385,6.45772,2.55158,25,6.33552,3.47074,5.7243,5.66712,11.0134,4.23096,6.5133,5.50791,8.65418,0,2.97245,1.26517,4.31254,22.0911,9.54533,4.23974,0,4.2731,15.6217,25,3.8229,3.06134,3.87765,20.0028,7.92812,8.8392,6.25197,8.01857,22.1512,25,0,4.25998,2.42723,4.06579,14.5946,1.87671,6.20019,4.93203,7.11071,14.5494,9.32316,4.91348,4.87846,5.70278,17.8556,3.25288,8.27445,7.29863,9.49154,25,2.16718,0.863303,4.60188,4.70739,25,4.56269,0,3.22346,12.6253,11.2062,4.98597,3.74752,5.49779,21.7069,0
user47,0,4.41778,25,17.2912,4.18778,6.06167,25,3.44844,5.83097,2.57025,2.91584,3.50371,20.219,7.81465,4.98006,5.08702,23.6157,5.71473,7.22269,1.38753,7.02856,1.77687,25,20.6177,4.15887,6.9277,13.9204,5.15961,18.7388,5.40282,7.51991,3.49438,20.766,4.64945,5.84831,1.26555,25,2.30784,0.742502,3.61565,6.23395,3.95557,25,6.42113,3.24263,2.97245,0,4.45377,22.2703,6.47566,6.24973,0,25,11.1234,3.99085,1.60094,25,0.868322,6.4031,4.5146,1.24449,5.59776,22.2847,0.48783,4.93177,8.64406,17.8283,4.5386,7.08851,4.22242,5.6131,5.14203,16.569,1.60299,8.42124,4.84302,3.83722,25,5.12452,3.88376,5.35445,0,17.7479,15.8122,3.1763,5.87601,17.6585,4.73573,9.15579,1.23403,6.93869,5.44857,25,19.4107,4.54145,5.65729,4.97114,25,14.4783,0.0969309,0
user48,4.81464,25,5.61779,2.42251,1.71993,2.12535,2.65033,22.7777,4.99456,2.88578,7.84122,25,4.50393,5.32712,5.40926,7.24016,9.35817,25,3.39945,8.49832,3.47708,25,3.00205,4.25603,2.14199,6.03128,8.15724,25,4.78776,6.84851,5.67606,25,3.42733,3.22586,8.00071,5.80342,5.40141,25,1.26083,0.944908,0.0862869,25,3.68508,3.5131,2.92075,1.26517,4.45377,0,1.52211,9.87667,7.38184,25,2.07239,4.91144,4.73493,10.5094,2.65775,25,7.62207,5.37479,3.85241,25,1.73213,7.36033,6.46814,7.69931,3.03846,25,7.98477,5.20374,3.42384,25,0,6.66186,3.51243,3.2336,25,1.5857,3.619,0,6.06574,25,4.23822,6.16011,7.42866,6.13499,7.80572,25,2.59817,8.20922,5.77724,25,8.73297,1.53388,6.32137,3.43559,25,3.61168,1.13146,3.56267,0
user49,3.25783,1.82034,18.5846,25,4.66681,3.00725,15.6305,0.69854,19.1414,5.8308,6.05454,2.5356,15.4211,25,2.34747,7.33256,7.62846,2.47614,25,3.00254,3.79515,1.87681,23.6565,25,3.22094,5.4187,5.24227,8.88019,25,5.6522,5.43896,2.6932,5.3099,25,5.13269,2.22156,7.58515,6.52465,25,8.70599,4.8273,4.09735,17.6626,25,1.02307,4.31254,22.2703,1.52211,0,5.14896,7.71845,9.23945,23.0682,25,2.60348,5.0721,18.0063,2.46284,24.8579,11.0964,10.4047,5.44314,3.1187,22.5685,6.74878,1.5108,0.318315,4.80158,25,2.53296,4.85906,4.64491,0.634934,23.1049,2.79422,2.00811,3.15821,11.6188,18.572,4.46999,7.12257,5.00504,4.12822,25,6.53541,6.12332,6.71638,4.09869,25,7.36944,6.89565,5.89833,19.4937,25,9.49001,4.96448,6.63134,16.9192,25,6.84487,0
user50,3.01163,0.844069,5.11217,5.71974,25,16.6366,3.5871,16.3269,8.1181,25,8.00025,19.6911,3.60627,2.60715,25,14.8766,0,5.11228,1.53335,25,3.90303,2.81816,3.45506,5.32459,15.5986,17.2494,6.54269,1.66051,2.9676,19.2547,5.86627,1.61994,5.13098,5.63898,15.6223,18.9786,6.83575,1.59749,6.16118,17.6729,7.1762,4.4989,9.18526,4.75997,17.7428,22.0911,6.47566,9.87667,5.14896,0,5.59826,2.70398,0.0672357,1.50742,25,11.9376,6.77395,0.96609,4.51143,25,5.77708,8.21553,1.7657,3.47142,25,15.8402,4.09568,3.73595,0.422021,25,5.75279,0.748344,6.71665,2.70912,23.6925,3.53057,5.24604,7.04052,5.26999,20.7426,3.93063,5.12185,6.69304,4.93013,24.2073,17.7156,5.56976,4.69878,6.29205,24.4948,17.1301,6.56923,4.85012,7.22587,25,5.27088,2.67726,4.03067,5.86434,25,0
user51,25,2.58724,6.48738,4.21031,3.07589,8.59582,4.03035,0.377507,17.5502,7.20473,25,4.13829,5.65778,14.538,1.3776,9.54583,3.8133,9.03581,6.31117,3.95096,25,3.50906,5.44951,0.715586,4.46357,14.4578,2.67976,2.11779,5.54835,2.28451,25,1.72585,4.71614,14.2814,3.30366,13.7542,3.30249,7.54479,17.9632,6.71658,25,4.58826,8.12644,18.208,7.44461,9.54533,6.24973,7.38184,7.71845,5.59826,0,2.42233,2.91217,16.7525,6.29289,10.7282,4.40547,2.88141,16.5984,3.99677,25,4.06181,2.53356,22.2566,1.73971,6.19557,1.10322,5.28822,22.5813,7.85874,25,7.96773,7.32965,19.3944,4.77612,20.7319,6.59937,6.12007,19.5512,2.49309,21.8799,3.46479,2.62661,7.21856,4.70423,12.1988,10.4517,4.46475,5.11245,1.40572,13.8551,2.31329,1.71619,3.35243,5.73449,25,7.9641,4.03352,3.77202,3.99418,0
user52,0,25,8.3215,3.17193,4.17848,4.75961,7.70998,14.0504,6.53235,3.30464,2.98396,21.4832,4.34326,2.62651,4.11103,8.1465,4.15199,25,2.26047,4.72748,3.27356,25,4.12905,6.58531,2.10722,3.39322,2.41676,25,5.95901,0.373175,1.31462,25,1.83659,3.72878,5.93323,7.05209,0.456966,25,6.69152,4.68131,2.30263,25,1.94289,4.35055,4.87262,4.23974,0,25,9.23945,2.70398,2.42233,0,6.5729,4.88439,6.17198,7.10765,6.65289,25,5.11395,4.0394,4.35036,25,3.3326,4.15526,0,5.65626,1.43467,25,5.25892,4.71529,0.289557,25,4.03376,4.02713,3.35911,3.32494,25,8.60898,0,4.06206,8.97229,25,6.46686,2.57852,8.91678,8.96777,6.72123,25,1.92927,2.0773,7.49026,25,6.39642,1.2907,0,3.80445,25,5.57205,6.25735,7.11647,0
user53,5.72702,5.23435,25,11.7438,8.19351,9.54189,25,4.58996,4.46976,6.25183,4.33723,2.13827,25,6.07771,7.39571,4.65555,23.2203,4.74737,17.6756,4.28022,1.76829,1.64751,25,21.285,9.71395,2.92243,18.7224,7.64689,16.771,7.0009,8.79432,7.90303,24.9216,2.57579,0.926662,5.05167,16.715,5.7947,4.41257,0,4.76521,4.71693,25,4.23745,5.32091,0,25,2.07239,23.0682,0.0672357,2.91217,6.5729,0,3.41948,4.54377,7.40371,25,5.17826,5.57409,5.44943,0,7.4135,23.7319,2.95492,6.78963,6.6167,22.9793,5.97062,4.83659,8.06971,3.17908,4.18087,24.9972,4.07791,2.21473,4.36257,5.57001,25,3.194,2.19289,5.59727,3.80905,25,19.61,1.37942,5.39972,16.7537,1.10359,18.392,1.91645,4.97625,3.871,25,14.9311,2.30461,4.83104,5.41565,25,14.1177,3.9156,0
user54,19.6305,6.04204,0,23.8945,2.63367,4.49239,5.10456,0,25,5.27896,18.7626,2.19572,3.01185,25,7.72228,7.52,7.1606,1.08594,21.0983,7.20198,14.8185,6.35877,6.13177,9.46945,3.39219,8.08535,3.79407,7.6558,25,7.18075,15.0116,2.52682,2.70419,25,5.55141,11.4429,7.67395,11.4791,25,9.25309,22.8229,4.90053,1.93441,25,7.38357,4.2731,11.1234,4.91144,25,1.50742,16.7525,4.88439,3.41948,0,2.17887,7.56399,0,2.32172,25,3.35823,21.3595,7.05152,2.27072,25,4.82328,0.291442,4.57571,5.84542,25,0.0431542,11.7232,5.34205,7.52712,25,5.4569,8.6592,7.74501,4.11186,25,2.42167,7.96725,1.44929,2.00486,19.9699,4.45883,2.3785,7.18026,3.6636,25,5.975,4.15738,8.66904,3.95359,25,1.621,17.5285,4.27019,3.54736,17.5712,2.94212,0
